4.467377282911263667e-03
1.582341171576299088e-03
4.331190971264355788e-03
1.461803361825460452e-03
5.208333333333333044e-03
6.752194463200540632e-04
7.751937984496123923e-03
9.828440008040862600e-04
2.312943857933954812e-03
5.325033063291123060e-03
9.324351024902585022e-03
1.310615989515072095e-03
1.153402537485582503e-03
1.964636542239685518e-03
1.283697047496790665e-03
1.704624502130601491e-03
2.529770586141078144e-03
6.334056936071930100e-02
2.237136465324384739e-03
1.279761904761904726e-02
8.364676835037035321e-04
1.662723985099382774e-03
1.729359350327092093e-01
1.259825233203890060e-01
2.370710341656245227e-03
2.830339321357285692e-03
1.136407067360860248e-03
6.172839506172839164e-03
3.018898734231527034e-03
1.142609032429848376e-02
2.915451895043731732e-03
7.408707132451249240e-03
6.284651456535081913e-03
7.987220447284344715e-04
9.728202025279937245e-04
2.790993204011344569e-03
2.321872489519081085e-03
2.941379744931354491e-03
2.271346091010512450e-02
9.835158604674751337e-03
1.000000000000000000e+00
3.866092425019517637e-03
1.902458088025098379e-03
7.651109410864575123e-04
1.254936351246771584e-03
1.587443917382879918e-02
5.165678619868161077e-03
2.750687393856971700e-03
4.369361889015966477e-02
1.204819277108433798e-02
9.049469283201353950e-03
5.625672079130557106e-03
1.000000000000000000e+00
8.829669249441508827e-02
1.394700139470013900e-03
1.714677640603566404e-04
1.378283617767392111e-01
5.452000659312040108e-03
4.674409597995049341e-03
1.725560978916683696e-01
5.882352941176470507e-02
1.232461258102283616e-02
4.694006318769299718e-03
1.416430594900849925e-03
8.993641928795511123e-03
1.405442439625521900e-02
1.144164759725400460e-03
2.807572423909057528e-03
3.977304048094834621e-03
3.899719217657097482e-03
5.052238236864180741e-03
6.054418419098399860e-04
4.939553826853039335e-03
9.953610112144930383e-03
3.182713199348180099e-03
9.624639076034649217e-04
4.550729096019962699e-03
5.268703898840884766e-04
4.796081111870585494e-03
2.403943462248162889e-03
4.454094608442134805e-03
6.824038788973674219e-02
1.865196270871674611e-02
1.957511517480246040e-03
1.142404448549021005e-02
2.739726027397260295e-03
1.145903804858702801e-02
2.322107265238483945e-02
6.729475100942126573e-04
4.851563160623731386e-02
1.561633899645463583e-03
9.149130832570906207e-04
1.227932519855307178e-03
1.226378551863431445e-03
3.957073055405561403e-03
1.942991129935059055e-03
2.070393374741200977e-03
1.099839147772148492e-03
1.022031389778285497e-02
3.390674970113189551e-02
2.983737649709421874e-03
1.105450881437804048e-03
8.210180623973727153e-04
4.672897196261681894e-03
5.807015944747476004e-03
1.336688297355758445e-03
6.578947368421052266e-03
7.352941176470588133e-03
3.333333333333333148e-01
1.146788990825688137e-03
1.142388048477860438e-03
1.872659176029962567e-03
7.748962548993461666e-03
9.632085202867742002e-03
2.375296912114014357e-03
1.594211482271183818e-03
1.267553584626755422e-02
1.342321320348979601e-03
1.946896117461462475e-03
1.245676478557668351e-03
2.854112023492656833e-03
1.834586307707219976e-03
5.000000000000000000e-01
1.370458793700146151e-03
5.000000000000000000e-01
6.849315068493150305e-03
8.305647840531561656e-04
7.142857142857142634e-03
9.292023432625193865e-04
8.889796783028432181e-03
4.614617763497505347e-03
1.300390117035110562e-03
5.841240689725538116e-03
5.088607624143544339e-03
6.493506493506493935e-03
7.852463351295618094e-03
1.141680219606118832e-03
1.432677946682488733e-03
1.703577512776831369e-03
2.268117939443648964e-02
8.642010836800642767e-04
1.893342417141151380e-03
1.587301587301587300e-03
4.249404969475956834e-02
8.719249858107665100e-04
3.755997677332599798e-03
1.704331859583001251e-03
2.444382736238384646e-03
2.512562814070351796e-03
5.438733424244790622e-03
6.172839506172839164e-03
3.008943554418668995e-03
1.195320419149262323e-03
4.149377593360995854e-03
1.697792869269949042e-03
2.739726027397260295e-03
4.158060526650506940e-03
8.384180481969687876e-03
4.464352148097441852e-03
1.766160367361356359e-04
8.760154277395657690e-03
2.247191011235955254e-03
5.154639175257731860e-03
3.611010857305565081e-03
9.313509741006321604e-03
2.589285714285714524e-01
1.736111111111111015e-03
7.563457389838328104e-02
5.952380952380952051e-03
9.433815549541336174e-04
1.290947130878207227e-01
8.751189781244946009e-02
7.936507936507936067e-03
4.824406113191514155e-03
3.401135832151866434e-02
3.333333333333333148e-01
2.619630398403495920e-04
7.782101167315175639e-04
1.236641151649001992e-02
6.291642782843815014e-03
4.795667836901402331e-03
2.635287960764915154e-03
2.403846153846153980e-03
1.894829612220916629e-02
9.204234923643114796e-02
1.154734411085450328e-03
1.766784452296819765e-03
9.881422924901185102e-04
2.942233616144176306e-03
3.043128508587694681e-02
3.620976348249075553e-03
2.288329519450800920e-03
1.250000000000000000e-01
6.493506493506493935e-03
7.670270511322395748e-03
1.365868545387216408e-03
9.206969409790731257e-04
1.085245164192532620e-02
1.628664495114006587e-03
5.681865113112084288e-03
5.494505494505494934e-03
3.031301557244775197e-03
1.622238541691738145e-02
1.191895113230035698e-03
4.976707727521456626e-03
9.585848601973043573e-03
2.022052022052021978e-03
9.345882890099072374e-03
4.310344827586206837e-03
7.173601147776184021e-04
3.195494606511486979e-03
1.829389392624291427e-02
1.049317943336831090e-03
8.128519376263120336e-03
3.324703743084770399e-03
1.016260162601626124e-03
2.620956555118343634e-02
1.826532452200517768e-03
2.277904328018223127e-03
2.535905578992274020e-03
5.639102123544031779e-03
7.739938080495356500e-04
3.178264899061127718e-03
2.432826959132031956e-04
1.558340754003590539e-03
1.736111111111111015e-03
5.139096803441647963e-04
1.830408593072517798e-01
3.714136236038696748e-02
9.337068160597572801e-04
8.333333333333332871e-02
1.488095238095238013e-03
3.861003861003861094e-03
1.459854014598540055e-03
8.431382786012507971e-03
2.965681379460725822e-03
2.709684042929615469e-02
1.286214569076937243e-02
1.208298513662144080e-03
2.347417840375586907e-03
3.194444444444444198e-01
4.229733367800551577e-03
1.845346507777872362e-03
1.131492325143755671e-03
1.509158560134076519e-03
3.008554861865762441e-03
1.944964421271367814e-03
3.380618369625907303e-03
3.273828121587907605e-03
1.678301161066364120e-03
2.333282158528357433e-03
1.119263600994927811e-02
2.879866135810597600e-03
1.131221719457013676e-03
5.000000000000000000e-01
9.778321836447609328e-02
2.700929275732425090e-03
8.139955502946827348e-03
5.000000000000000000e-01
7.604562737642585075e-04
2.248224227851168110e-03
1.108647450110864744e-03
8.883030651101807978e-03
2.182454685470837114e-03
2.098917576630245779e-03
2.548977087336487773e-04
5.711403280395730385e-03
1.533847185862051953e-03
9.259259259259258745e-03
3.503844027304904313e-03
3.605923332203938431e-03
4.608294930875576033e-03
3.944196275835484301e-03
4.742263724299652407e-03
2.632995525138194237e-01
8.534168718335086168e-02
6.301197227473220083e-04
1.818741791894750532e-03
2.900069881201956801e-03
4.247581250910884357e-03
1.245654969044192014e-03
2.173913043478260896e-03
1.714089818306479347e-04
2.384605878467275196e-03
1.124859392575928117e-03
6.849315068493150738e-04
1.044271578516078880e-02
2.547652314357863601e-03
1.290322580645161289e-03
3.716486068766170024e-03
2.009262306844577031e-03
2.475247524752475278e-03
2.607203361862225292e-03
4.529523404546811557e-03
2.995486426616114726e-03
5.233796594241400639e-03
5.134759782283854906e-03
1.533742331288343594e-03
1.681802892700975461e-04
8.524519815720173199e-03
2.051842574080268902e-03
1.705522524039786289e-03
2.496636732596714189e-03
2.808988764044943742e-03
4.365671641791044576e-03
6.711409395973154217e-03
9.299055215758428999e-03
1.562500000000000087e-03
8.275073911888514979e-04
3.474501550333427766e-03
1.282459518020319100e-01
7.755701061187626408e-03
5.505704625563360814e-03
7.598784194528875350e-04
1.000000000000000000e+00
5.987477072810120293e-04
4.227085871561430883e-03
2.114164904862579370e-03
7.169197396963124247e-03
4.092479270423258000e-03
2.078993453802333718e-03
7.995945962498161646e-04
3.281551831531579876e-03
4.247632946857292542e-03
1.849354105753717734e-03
3.478154899206913151e-03
2.404897618738517911e-03
1.998059056432491005e-03
3.245260835702580299e-04
2.109704641350210793e-03
2.469538053790304531e-03
1.415097645241477579e-03
8.560486287747344145e-03
2.512484394506866447e-01
1.309558349068643945e-03
5.036068475663859484e-02
2.707947173308619237e-03
5.955926146515783722e-04
1.282051282051282007e-02
7.692307692307692735e-03
1.290372236216064949e-01
8.865248226950354395e-04
1.992031872509960125e-03
5.749476782135420558e-03
7.007708479327259604e-04
2.484089618310075971e-03
1.970091834202035343e-03
1.058246123460671213e-02
8.270806237738527120e-03
5.434100239734445704e-03
3.246607765861401953e-03
1.685490200246964887e-01
5.000000000000000000e-01
4.273584149514119378e-03
2.329072378649965722e-03
6.739676874216848218e-03
2.232142857142857019e-03
9.025107735776116127e-04
2.468354968631281815e-03
2.496376713340022271e-03
4.761904761904761640e-02
4.509981242333449894e-03
1.717789264467674271e-03
1.334949733436246663e-02
3.616361664607400158e-03
2.124544280424697784e-02
5.967118802622444623e-03
1.752374491180461458e-01
3.251283665233493177e-04
5.947220897580957066e-03
5.676217525606959760e-04
1.129735689917824026e-02
6.370176146295549423e-03
1.572276420146602894e-03
1.888971505368183118e-02
2.691947530496056895e-03
1.789007158923469230e-03
9.742734031075901691e-03
4.300852069927450089e-03
3.153388349966360603e-03
5.612696306126962673e-03
3.686979654440879217e-02
1.972386587771203254e-03
5.030130075821864690e-04
2.282638798569289890e-02
8.084074373484235630e-04
3.209440414897215144e-03
3.707937775971920525e-03
6.974786639468758508e-03
2.044989775051124937e-03
2.586943258084197644e-03
1.056478054047384858e-03
2.713141774795121367e-03
1.520651599100689231e-03
2.050369285528007290e-03
3.270361853181170085e-03
2.167593606509971363e-03
4.883280136413491006e-03
1.273891091259452988e-03
6.844626967830253145e-04
2.857142857142857140e-03
7.027149817936874376e-02
4.000000000000000083e-02
9.886877606363583988e-04
5.000000000000000000e-01
1.060445387062566381e-03
1.901140684410646377e-03
3.114526110216574856e-02
8.496176720475786051e-04
4.219409282700421586e-03
6.697923643670461924e-04
5.000000000000000000e-01
2.016202790977492630e-03
3.289473684210526133e-03
4.733866211076534491e-03
1.426533523537803182e-03
4.238764720019225912e-02
9.285051067780872823e-04
5.263157894736841987e-03
7.454806853841359181e-04
1.508328769469667856e-03
1.629587737534815388e-03
3.041666666666666477e-03
1.031045689888276029e-03
2.518891687657430663e-03
2.026412581387374845e-01
4.704580438671114063e-03
3.689013494432558798e-03
4.796620310789771226e-03
1.289026515277639194e-02
1.073824728203664342e-02
2.460974765510895012e-03
8.036617831155492761e-03
4.778554778554778767e-03
1.331557922769640570e-03
1.215646242990397466e-03
8.333333333333333218e-03
9.208103130755064796e-04
5.376344086021505805e-03
1.612903225806451612e-03
3.484461031630843239e-03
7.032348804500703366e-04
2.508605851979345824e-01
6.090133982947624515e-04
8.525149190110826915e-04
4.771288915467426957e-03
2.201322389420884776e-03
2.570451210902261439e-03
1.510685088900402297e-02
4.154443478593284646e-03
9.952897405920388060e-03
7.401924500370095882e-04
1.430615164520743915e-03
1.764618420643017729e-03
1.629805480799225966e-03
2.432958833194468645e-04
3.414057033976811671e-03
3.225806451612903136e-02
4.016064257028112081e-03
1.675587273267915567e-01
4.379697482536202939e-03
2.429938863541739177e-04
3.508771929824561469e-03
1.088345726674044833e-02
1.680420863925279800e-03
1.061571125265392762e-03
4.532284174541796086e-03
2.070393374741200977e-03
6.587465308752105293e-03
9.071891017016494446e-03
1.563122549500805657e-03
4.184100418410041482e-03
9.819704705239990818e-04
4.865237234134159663e-03
1.302048840781091761e-03
5.915217106824327553e-03
5.016307246458896925e-03
7.267441860465116178e-04
5.888210862877056757e-03
6.150061500615006333e-04
4.482751184664312584e-03
3.225806451612903223e-03
2.414762281950931771e-03
3.336523085064655933e-03
2.754820936639118534e-03
4.310697753189984827e-03
4.039766457732875231e-03
2.630843312653296379e-03
1.257611011515463208e-02
4.141893574787347716e-03
1.031937547712323544e-01
9.275614652000850830e-04
5.053825803949261834e-03
2.259421862961917375e-03
3.888229914139926940e-03
1.170770489504587052e-03
2.028703915357737714e-03
5.092399032843918181e-04
6.341737932906363340e-04
1.162286810907852807e-03
5.041102906495203984e-03
1.792114695340501791e-03
6.455777921239508940e-04
1.730103806228373647e-04
9.407743340664611415e-04
6.930006930006930030e-04
1.899585019297470164e-03
1.009945287492974679e-03
9.478672985781990811e-04
1.110825885043523024e-03
1.618646811265781881e-04
1.521417468598778872e-03
4.089189406745552188e-03
1.916666666666666519e-01
2.279576339961852244e-03
2.150679371207147444e-03
3.342022493837623620e-02
1.119163111448775614e-03
2.145481281327169323e-03
3.158941163004382307e-03
6.902004114339746650e-03
5.366482531968749976e-03
1.131221719457013676e-03
1.548238660411090789e-02
1.078762581413515026e-02
1.941820668096188749e-03
3.436695626784815050e-03
4.849932416948019021e-03
7.617023824646284094e-03
5.382131324004305224e-04
1.684407015730111368e-01
9.478672985781990811e-04
1.678133915086424009e-04
2.921451923882974287e-03
9.152768080108125356e-03
1.831145764097989693e-03
3.635128750295299038e-03
2.647788664001233215e-03
2.439024390243902437e-03
2.015522301088171382e-03
3.760947709173236789e-03
1.316454236897338656e-03
4.124846645568871518e-03
2.546136659062556706e-01
9.206817093002349697e-03
1.184931506849315084e-03
2.890493431887104260e-03
5.832826131061067537e-03
8.695652173913043801e-04
4.492376274730260424e-03
1.038287097281901696e-02
2.173913043478260896e-03
1.283619800170791555e-03
5.586592178770949900e-03
3.807008276104948113e-03
4.541432547673986651e-03
6.793478260869565029e-04
2.221565680195894833e-03
9.009009009009009148e-04
1.066098081023454137e-03
3.863178134065636728e-03
2.291812800670997227e-03
1.982286399887780211e-03
7.378129117259551659e-03
2.614366156321293495e-03
5.681818181818181976e-03
2.117453072071777062e-02
2.329072378649965722e-03
3.915840257303672411e-02
3.142864298784452028e-03
9.165902841429881143e-04
4.229295550803103404e-02
2.385557704706641087e-03
1.850863718679977843e-03
9.242144177449168087e-04
6.024096385542168988e-03
6.578947368421052266e-03
7.208689927583936119e-02
2.599278458937390700e-03
2.911079745226665978e-03
8.589160120783151040e-03
1.274625987757397466e-02
4.651162790697674354e-03
4.884593167404830891e-03
1.183416235380300822e-03
5.050505050505050934e-03
5.021167796132071500e-04
3.750763977417218009e-02
3.399583818278073197e-03
3.879707773065994934e-03
1.875865731221171978e-02
1.462378996079174509e-03
9.398496240601503238e-04
1.346396334361442230e-02
5.355343075896734466e-03
5.000000000000000000e-01
5.251179557915788138e-03
8.285004142502070800e-04
2.785515320334261847e-03
4.926859093525759632e-03
3.703703703703703498e-02
9.200679086598020917e-02
9.150096370338129011e-04
5.355649686471954454e-03
1.131339312780617248e-03
7.668601449281038651e-02
3.012048192771084494e-03
8.105471551946748232e-03
2.040816326530612082e-02
2.392344497607655409e-03
1.013453019251967305e-02
2.560616657191366885e-01
2.077120510241475381e-03
1.002372463426825849e-03
3.666055436924981533e-03
5.865102639296187678e-04
3.147145778961912398e-03
5.388721239783651447e-04
2.697303403256015239e-03
8.546580317509815117e-03
2.298197788883840718e-03
1.069518716577540132e-03
5.732502705390307360e-03
1.455494992905398410e-03
1.178798292200354189e-03
1.307178470508690571e-01
8.536637589410489514e-04
2.090759431152928224e-03
1.367008757525998985e-01
2.403846153846153980e-03
5.966587112171837983e-04
5.882556489843938571e-03
1.266378805371958871e-03
1.043545509599489406e-02
9.195444415790598666e-03
1.879699248120300648e-03
3.119611758887556874e-02
3.991535620332575113e-02
1.233774651086620711e-02
1.244595836767951359e-02
6.744414754741526186e-02
1.245647969052224302e-02
3.905926165922769117e-02
3.804153240243465534e-03
5.102040816326530205e-03
1.307189542483660040e-03
5.447860611391257615e-03
5.154639175257731860e-03
7.812500000000000434e-04
6.379215445211331055e-03
1.677852348993288554e-03
3.882425828736655368e-03
6.896388283249597212e-03
2.641981617602722279e-03
7.159440155914508289e-03
1.903822503235692593e-03
1.351762962207832611e-02
1.802507836990595649e-02
1.781499305867100934e-03
3.689627338726263195e-02
3.461101555544730812e-02
1.239455155223753973e-03
6.880033051457302637e-03
2.378849507945603875e-02
1.135788156838201807e-01
1.848428835489833617e-03
1.289776230681632940e-03
4.196143612715553042e-03
8.139955502946827348e-03
4.291239030194853206e-03
2.186967827394291266e-03
1.412142262878321236e-03
1.709401709401709400e-03
6.825938566552901092e-04
4.566210045662100203e-03
2.857142857142857140e-03
1.926143396636907949e-03
2.305566780616201232e-03
4.098624148129098761e-03
6.914517973239253310e-03
3.935720369919688821e-03
1.724137931034482735e-03
4.716981132075471518e-03
2.854221662431550687e-03
8.287701084375752661e-03
9.551098376313275733e-04
7.376923976526852944e-03
1.267427122940430846e-03
4.474036467690410517e-03
9.381853726585275347e-04
7.308891732212501437e-04
6.075001740215055061e-03
5.321612554420493413e-02
1.584786053882725892e-03
2.663655846431548131e-03
1.980268294414081962e-03
5.885255230455133102e-02
2.559880239520958001e-01
3.166383368265268151e-03
9.090909090909090901e-04
3.332526160869069953e-04
2.232428534744031884e-03
1.372965976331360846e-02
4.347826086956521618e-02
7.524454477050413577e-04
2.244607790075381012e-03
2.805647856689129881e-03
1.440922190201729012e-03
2.018774694990806695e-01
4.230480166043074260e-03
1.342839980231345411e-02
8.176614881439084499e-04
1.718213058419243953e-03
3.065346062889449334e-03
2.394061243427157183e-03
1.009094948714705630e-03
4.444444444444444441e-03
6.360476700384871084e-03
8.591065292096219767e-04
1.393108978047863291e-03
2.970930977077730888e-03
8.130081300813008990e-03
2.892438045964083448e-03
6.805999329680210291e-03
5.091772567152664727e-03
2.777777777777777884e-03
1.659070640173907277e-02
3.370535909354149297e-03
9.699321047526673250e-04
1.600000000000000077e-03
2.326177939786688159e-03
3.512816641007681599e-03
4.712448073357107872e-03
1.282051282051282050e-03
4.032258064516128920e-03
1.876172607879924951e-03
1.029452641499487842e-01
4.545454545454545234e-03
4.878048780487804874e-03
1.182450508293204873e-03
4.442470013327409826e-04
7.141739807442884502e-03
4.098360655737705131e-03
1.352616695219567523e-03
3.857698386639364738e-03
2.656717904102664542e-03
3.939205034583073695e-03
6.455777921239508940e-04
1.389625514738547854e-02
1.206332074114049163e-03
1.340888911024743207e-03
1.005021916138380041e-03
2.344177207823748901e-02
2.243685201944076082e-03
2.334705772581205027e-02
2.212389380530973421e-03
1.782531194295900075e-03
3.367003367003366856e-03
2.956559659987550385e-03
7.656967840735069220e-04
5.780200200882650886e-03
4.032258064516128920e-03
4.995939261191642555e-03
1.263557912921904267e-02
4.694835680751173815e-03
1.592086950151997814e-03
2.979766939300926287e-02
6.631299734748010268e-04
1.086956521739130448e-03
2.236736925694800347e-03
1.918925111373802903e-03
8.583690987124463056e-04
3.617338611312071600e-03
3.751963464193680108e-03
1.770224818551955964e-04
7.158196134574087034e-04
2.406596552983418166e-03
1.628435931551341616e-03
1.295923708574606582e-03
1.678074127130730897e-01
5.956488775236164343e-04
4.629629629629629373e-03
5.872901100666827121e-03
2.100204047220858086e-02
2.510362694300518061e-01
3.675434408883762345e-03
9.550842806570031610e-03
9.140640068287679337e-04
5.885674471032939677e-03
3.853327391180451020e-03
3.164760382428187177e-03
1.663931451378241645e-03
9.689922480620154904e-04
6.827286382161618442e-03
1.252653272588846387e-02
2.137412585825909043e-03
1.896147111406255251e-03
4.987624690617265162e-03
1.605136436597110741e-03
1.111111111111111049e-01
5.332693119717518346e-03
6.141250869814960517e-03
4.641452379700320569e-03
1.984126984126984017e-03
4.220559970910602379e-03
2.541666666666666519e-01
5.992493576603416701e-03
1.027013104127245252e-02
2.933669607449684597e-03
1.325379380684374789e-02
2.083333333333333304e-03
1.082541402507987242e-02
2.544421423465811514e-04
2.232142857142857019e-03
1.015228426395939137e-03
3.204324794037532922e-03
5.752805171784045914e-03
4.716981132075471518e-03
1.600578208086559122e-03
9.000574171763751560e-03
6.575983206906625168e-03
9.881422924901185102e-04
2.507662835249042099e-01
3.182918645563378220e-03
8.801626221847080531e-03
2.625480270087728139e-03
4.464285714285714038e-03
1.353915981414188091e-02
2.580333088807664974e-03
6.320456664660868348e-03
1.452236728798606945e-03
1.178724722754380914e-02
8.869807416999717260e-04
4.325501898317432418e-03
1.766089874017922039e-03
9.514747859181732102e-04
3.846153846153846367e-02
1.823086271633474848e-03
1.341827303683502080e-02
1.097361786237188719e-02
5.843907358560898602e-03
7.208065860629324362e-03
1.025879371779975374e-01
5.918603483752483962e-03
9.497733194131784823e-03
6.315359477124182774e-02
4.133053696629901581e-03
1.972386587771203254e-03
2.432826959132031956e-04
2.533943964676346056e-03
1.682414698162729705e-01
5.022542334863346752e-03
2.647288278712776628e-03
2.535335689045936647e-01
6.043085782271533264e-03
2.150855225718763600e-02
6.406149903907751037e-04
4.868464769995099230e-03
3.327427358945144430e-03
2.181201895658118652e-03
4.032258064516128920e-03
3.747246864211215261e-03
8.230452674897119174e-04
1.340151831782183077e-02
1.557632398753894037e-03
2.673796791443850112e-03
6.403575028394460286e-03
2.055933212571055616e-02
3.091190108191653940e-04
1.727836360353064184e-03
6.097560975609756309e-03
4.273504273504273934e-03
1.855287569573283888e-03
5.103952061616461207e-03
4.590867258314592150e-03
2.083333333333333304e-03
4.986516671170088989e-04
1.805054151624548801e-03
1.554666233971364322e-03
1.554744713631514390e-03
2.620450175695304522e-03
6.626905235255135893e-04
9.000900090009000517e-04
3.675291409088712359e-03
2.754820936639118534e-03
1.653165812530996755e-04
2.702702702702702853e-02
1.684174898865907141e-03
3.387805134158638348e-02
2.577519379844961378e-01
4.140173410404623944e-03
2.118644067796610162e-03
1.251564455569461861e-03
1.679825298168990445e-04
4.285392361256210557e-03
1.138215368187496697e-02
1.448734101993237253e-02
6.005014128401252663e-03
1.360544217687074736e-03
3.030855112242597862e-03
1.032970098827357824e-02
1.618122977346278339e-04
1.629221724676580820e-03
3.571428571428571230e-02
4.690163618716642821e-03
1.324503311258278145e-03
2.881805156733825441e-03
3.988819981361576422e-03
5.044731781266707793e-03
3.434424583249648388e-03
2.590673575129533775e-03
3.414049643715146021e-03
8.722386110930591477e-03
1.436781609195402279e-03
2.391213479615164963e-03
3.076923076923076920e-03
2.731375630245842789e-03
1.379511252473323950e-02
7.879681995343158296e-04
1.055275776729136788e-03
7.027406886858749129e-04
6.666666666666666574e-02
1.880509375956602698e-03
1.877652639462953129e-03
1.273379234681735897e-03
6.103442948433127763e-03
2.108245043964841227e-03
1.727115716753022372e-03
5.000000000000000000e-01
3.449486543799390806e-03
3.436543662575651699e-03
5.679192160753734767e-04
2.594275436915030684e-03
1.889257422090761737e-03
1.730103806228373755e-03
2.115049036770769077e-03
6.385696040868455055e-04
1.376121643104364148e-03
6.890026252890454504e-04
1.163295056892857567e-03
2.603369251195480341e-04
1.684149184149184020e-01
4.485948914840292082e-03
1.472754050073637674e-03
2.274681455685503405e-03
1.735508503991669551e-04
6.134969325153374594e-04
8.590993945383243154e-04
1.456075411161410725e-03
1.502727190582977927e-03
1.397108668165153835e-03
1.200974659370429619e-03
8.673026886383347492e-04
1.153402537485582503e-03
4.971416556582660372e-03
2.882748428056533009e-03
7.602776089646610773e-03
3.546099290780141758e-03
2.448850243376596791e-04
5.000000000000000000e-01
1.229360807616318961e-03
2.286050251518752414e-03
1.035294211745133985e-03
1.626016260162601625e-03
2.173913043478260896e-03
5.698853615520281697e-03
1.639934005681465724e-03
1.678133915086424009e-04
3.546140486410818016e-03
7.391694902909459741e-02
4.545454545454545234e-03
2.091223543226541134e-03
1.367222682566559752e-02
6.968641114982578391e-04
2.540726817042606410e-03
1.731601731601731600e-04
2.517301038062284002e-01
2.331002331002331000e-03
3.227672570738263948e-03
1.219298855734919943e-03
8.156606851549755679e-04
5.465794111484945789e-03
9.174311926605505096e-04
2.479785175295159006e-03
5.385061454543395992e-03
2.135758570386578868e-03
4.520101114403243282e-03
8.278015617647797170e-03
1.484714043167835971e-02
1.711614239125252342e-03
3.130480117541115451e-03
2.834073402899042575e-03
2.022056244414409676e-01
1.222222222222222321e-01
4.545359536447954318e-03
8.055491377082661664e-03
1.375375580560256848e-03
7.602223237147668657e-03
4.799039399395996913e-03
5.458344472046894151e-03
9.788416519237298861e-04
3.149589688416344711e-03
6.165358006201063917e-02
3.537828614366407814e-03
1.224814677108148264e-03
6.027855109654194077e-03
1.958728752221002792e-03
1.942103809496676216e-03
1.776198934280639498e-03
9.777172416773975347e-03
1.964839005844267253e-03
5.261882993810638011e-04
6.371619849757080047e-03
1.215457565523639198e-02
5.806841041303627965e-02
3.506689061227021183e-03
5.825224530826627820e-04
1.273885350318471272e-03
6.587615283267457458e-04
2.301455217842600723e-03
1.644899872747973947e-03
2.648968800287573432e-03
1.858779906778240242e-03
1.879106376335837672e-03
8.787346221441124251e-04
1.618122977346278339e-04
3.195233621165346604e-03
3.300330033003300370e-03
1.820742641808934968e-03
1.196554123383391545e-02
1.214847687819610098e-02
1.346170575776499444e-03
5.159472605295149089e-03
2.416621011197537128e-03
3.998757210088103864e-02
1.786183599751931059e-03
5.091084123222748906e-03
1.370800359965895993e-03
2.537593984962406291e-01
5.073791752586328391e-02
3.606573474856546082e-03
3.748594074785206731e-03
3.568277503164329553e-03
1.920601585258451330e-02
6.289308176100629269e-03
1.972386587771203254e-03
3.191546158625639673e-02
2.475247524752475278e-03
3.860402405440176848e-03
6.359789074307558611e-03
2.511595870906060957e-04
9.925630713182365117e-03
1.349124125124080698e-01
8.849557522123893682e-03
2.923976608187134341e-03
1.014610792717448532e-03
3.513138295708160067e-03
9.701262671485145692e-03
3.286627073034840193e-03
1.715265866209262410e-03
2.178793613484567883e-03
2.666938396885409727e-03
5.554919770221353019e-03
2.260574601405710825e-03
1.470588235294117627e-02
1.397380745083036668e-01
5.680610226107457627e-04
4.956794444654914061e-03
6.666666666666666574e-02
1.408450704225352188e-03
1.398340140389687722e-02
8.403361344537814762e-03
1.511539639093296625e-03
3.467243280525095228e-02
3.641131118896617086e-03
2.702702702702702853e-03
2.938951312924294092e-03
9.378123661288018109e-02
8.665511265164644239e-04
7.363770250368188372e-04
1.260175206831565427e-03
2.452443693759653529e-02
3.048739917838566831e-03
1.311807184654123840e-02
2.429282349527779388e-04
8.843406498511530937e-04
5.898548067393725135e-03
8.402569156462859519e-04
4.219409282700421586e-03
1.050544985812023983e-02
5.481716309768030863e-03
1.125096634273153005e-02
7.473841554559043599e-04
9.787400003281864283e-03
1.895785898492369573e-02
2.030847114336607057e-02
3.809228686969929299e-03
9.589437440812387595e-03
9.978617248752673363e-03
1.153873504424210959e-02
1.377044474545807695e-02
8.108620696521719184e-03
2.126732602114605672e-03
1.686340640809443417e-03
7.283321194464676285e-04
2.114238652979923833e-02
6.923752467461874796e-03
2.466111697141030231e-03
1.794635633581349215e-03
4.885331300425640316e-02
3.241496027478518770e-04
3.120539071085661528e-03
7.485081706133104229e-04
7.854068475139256572e-03
7.104253091372609175e-04
5.398580384727977993e-02
1.678697330871243860e-04
2.516919306536500233e-04
5.333569367698002064e-03
4.399085807722323549e-03
1.435427262987876672e-02
1.395285603516744407e-03
5.998800239952009096e-04
1.060604762731467325e-03
6.020466505105129262e-02
2.779613344855046651e-03
1.353305785123967014e-02
1.988322362786808239e-03
2.233721184683738498e-03
1.639613051319888603e-04
5.750431282346176029e-04
8.169034662218155676e-03
5.226493232637169535e-03
2.865251433100916498e-02
1.779778347033368277e-03
2.227171492204899680e-03
8.969291880346193235e-02
4.869632364934963690e-04
3.668359808245212021e-03
5.480822109161674616e-02
2.124840633622236512e-03
2.173913043478260809e-02
4.545454545454545581e-02
2.228658967465384916e-02
7.321042149599638060e-02
4.124293595296040123e-03
6.720430107526882257e-04
1.291983540244901751e-01
1.956947162426614373e-03
5.044574244372936186e-04
2.427086803845350266e-03
2.184450373155278052e-03
1.618646811265781881e-04
6.653359946773120589e-04
2.114503553350766465e-03
6.113490286933081531e-03
2.545369909346985315e-04
3.153465778116755752e-03
1.383994126284875288e-03
2.288901262091835517e-02
3.416052411302685637e-03
8.598452278589854012e-04
6.449816727535928780e-03
2.669831436954724687e-03
4.480628402053039687e-03
1.278996367886096495e-03
1.673920321392701805e-04
1.762324160829896067e-03
3.380128180089171045e-03
1.745200698080279266e-03
7.604562737642585075e-04
1.618646811265781881e-04
1.001001001001000992e-03
1.555709939958684410e-03
3.816793893129770843e-03
4.115226337448560021e-03
1.648176420695504803e-03
2.373183717232964923e-03
8.347245409015025290e-04
6.487465087954032280e-04
1.952888514865434161e-02
2.699824396297468340e-03
8.064516129032258058e-04
3.571428571428571230e-02
3.303038856651051638e-04
5.004796957304167952e-03
1.091983061053081140e-03
1.828153564899451548e-03
4.394106716281234899e-03
1.738705577910822607e-03
2.397048076072409370e-03
5.297480681335660878e-04
1.392757660167130923e-03
1.636661211129296313e-03
1.183843914586454492e-03
3.175533511902241431e-03
2.576218833774487297e-03
1.267926081471968010e-03
1.746099463676255466e-03
6.009818459116749931e-03
1.457960591397899951e-03
6.313131313131312150e-02
7.489640802000666932e-03
1.547987616099071300e-03
1.514670309753507818e-02
1.692047377326565084e-03
1.972386587771203254e-03
1.796874126131135872e-03
2.346174087595311996e-03
9.174311926605505096e-04
5.920663114268797603e-04
4.051344837410676843e-04
3.272281413885521489e-02
3.663003663003663000e-03
6.675787665255140772e-03
1.356543737965078787e-03
6.426735218508996964e-04
1.080246913580246854e-02
1.769911504424778736e-03
4.183126351207273885e-03
1.672240802675585255e-03
1.043057917774004896e-02
2.762493608928867639e-02
9.276437847866419442e-04
2.251268921364279422e-03
1.901677047025884327e-03
1.454033771106941902e-02
1.152023381027371916e-02
8.149959250203748585e-04
2.099573262879816417e-03
1.912568306010928960e-03
7.240003156812039112e-03
7.057163020465773151e-04
3.611859838274932358e-03
4.103301394460149611e-03
6.335722405056407915e-04
1.419139604329973901e-03
3.391362763319618213e-03
1.618384851917786045e-04
3.420214400403692387e-03
7.536557930258716564e-02
6.381620931716656476e-04
2.025930509761823903e-03
6.891798759476223208e-04
1.853578126012277692e-03
8.020695466835563690e-04
2.879267620418008572e-02
4.181292125171651337e-03
4.878048780487804874e-03
1.844195639942872861e-02
2.995650439537733776e-03
7.855562525238687574e-03
3.059488185346309012e-03
2.197802197802197800e-03
3.952600676028770847e-03
4.659093074151842220e-03
3.108944683477660956e-03
1.702104972652917769e-01
7.490636704119850485e-04
3.610108303249097601e-03
1.872659176029962567e-03
2.636204312774699174e-02
1.675322499581169433e-04
2.030654027551530294e-03
8.818342151675484519e-04
5.813953488372092943e-03
4.079798705966930505e-02
9.940357852882702756e-04
1.241988493180907647e-03
1.201923076923076990e-03
5.237215703317398170e-03
4.329004329004329001e-03
3.507315827365282187e-03
2.428757623392664559e-04
1.160354883759139033e-02
6.425660370065042117e-04
9.749023975598934688e-02
3.138234442552398102e-03
5.885694005098129900e-02
1.400396390638789911e-03
5.896226415094339398e-04
3.106607157938672675e-02
7.949446212941123358e-02
2.780064106038223834e-03
1.677570877369568734e-04
1.773049645390071042e-04
5.405405405405405705e-03
3.721814013893610593e-03
3.382790434773425264e-03
1.727115716753022372e-03
1.348595757701884267e-03
3.945792153339323059e-03
3.903901600089225692e-03
1.120119870547630443e-03
1.089692075177178246e-03
5.000000000000000000e-01
4.664684097478554413e-03
1.052023746057197985e-02
1.145475372279496041e-03
2.186431954092065907e-02
6.751807364967641473e-03
2.751829213598329035e-03
4.459330902172189449e-03
2.580268673921244909e-03
8.169400692765178829e-03
6.715916722632639651e-04
5.003071905949689757e-01
1.589381246515960897e-02
6.451612903225806446e-03
8.453085376162298731e-04
3.372573162217153836e-02
7.336757153338224887e-04
4.502476361999099472e-04
3.137705140298713974e-02
3.216036950383022088e-03
7.128882367326974841e-03
5.643661128101648550e-03
1.339924764472851925e-03
1.388888888888888812e-02
5.649717514124293766e-03
2.035604493113600186e-03
1.614873496785776755e-03
1.821901275828227348e-03
3.565351894818252071e-02
3.062880836211477695e-03
1.770538243626062407e-04
6.248534032158563171e-03
4.141259154574120430e-03
2.927112127855622300e-03
6.843266081361319697e-02
7.062392939058734220e-03
8.536562485241018516e-03
1.474926253687315614e-03
2.517301038062284002e-01
3.875968992248061962e-03
3.639720967438108291e-03
3.318164401216401865e-03
4.821067643615233218e-03
2.577319587628865930e-03
1.183159680465712023e-03
2.851197415708649121e-03
1.560183052235346183e-03
3.326328377280776856e-04
5.896510922737737553e-03
4.596828609986504735e-03
2.631235945718940874e-04
7.621951219512195386e-04
2.738713023159132422e-03
7.518796992481202590e-03
2.012072434607646045e-03
4.910815814394191639e-03
7.142680300066846580e-03
1.688171211659264580e-03
2.146096879724616185e-03
8.324473302593008578e-03
1.041666666666666652e-03
2.618115934166071954e-02
1.911185760162316481e-03
2.106594690357306305e-03
1.429618768328445692e-03
1.573725847725224863e-03
1.111111111111111049e-01
6.622090339145074618e-04
5.799693542646491146e-02
8.928571428571428293e-04
9.115770282588878549e-04
1.146512113617376705e-01
3.117929224364195812e-03
8.824665604326620630e-03
6.150061500615006333e-04
7.248013921878825212e-03
1.333687186602720842e-02
2.508176614881438837e-01
3.215434083601286137e-03
3.240356699688966822e-04
5.780346820809248269e-03
3.929394675875282072e-03
4.619153669322340061e-02
6.605019815059445234e-04
3.737522938040097054e-03
2.502436799112578436e-03
2.057960328475595853e-03
3.622522265505466986e-03
2.172423345853613259e-03
1.112190908109275591e-03
6.451507602399330493e-03
3.289473684210526133e-03
2.060855190276802886e-03
3.595014484162740824e-03
1.010101010101010187e-02
1.619957881095091413e-04
4.692106371290942143e-03
2.738973315564107412e-03
6.003628566716146669e-03
6.578947368421052266e-03
2.117303142432899743e-03
7.573658498918086138e-03
2.865945099651713481e-03
2.059808612440191394e-02
1.964166553606110435e-03
4.053330996811319205e-03
1.916088057383537845e-03
6.887052341597796334e-04
1.633077788718052814e-02
4.424128857127432313e-02
1.119820828667413221e-03
2.040532036174847689e-03
2.881844380403458025e-03
4.878048780487804874e-03
4.115132081233776294e-03
4.010904446267738073e-03
2.401536983669548282e-03
2.285172310682515029e-02
3.355285261910521868e-03
1.034126163391933893e-03
3.668428768578930153e-03
6.303689257900976957e-03
2.954574666638920457e-03
4.573312996850647551e-03
9.823182711198427588e-04
4.435277641770660542e-03
4.046250726536732185e-03
9.293680297397769081e-04
3.130948957263447741e-02
3.448275862068965469e-03
6.055711310506202427e-03
8.309152083741299039e-04
1.674200569228193427e-04
6.030140771741587108e-03
7.587253414264036669e-04
1.506024096385542247e-03
4.234756675019953238e-03
2.037187402866091346e-01
1.197915165719775840e-02
8.543145760061016114e-02
1.767756492579908578e-01
3.744261720333505114e-03
2.132196162046908275e-03
4.937986661969606846e-03
1.660808722034916307e-02
4.901960784313725422e-03
4.940243284535946432e-04
6.170742520838439979e-03
9.492924603462935462e-04
1.516276452706447845e-03
1.788630157662911627e-03
3.703703703703703845e-03
6.724949562878278306e-04
2.495531497881135676e-03
2.976190476190476025e-03
1.364208641322583581e-03
7.032348804500703366e-04
8.155213376458107441e-03
1.822843822843822972e-02
2.091136079900125094e-03
1.682111340952938405e-01
2.697720093444089945e-03
7.936507936507936501e-04
3.743244749011086833e-03
6.329113924050632813e-03
7.304931697152118597e-02
7.581501137225170502e-04
9.467422638528332282e-04
4.314834102068144765e-03
3.255045607986784689e-02
1.692480189061351947e-01
1.716083571980873664e-03
6.174742329072945967e-04
1.909396783297841139e-03
9.233610341643582299e-04
1.071626142620057259e-03
1.727115716753022372e-03
2.525906735751295429e-01
3.460207612456747510e-03
3.417245715513747822e-03
7.135082157503681854e-02
1.895456901786275001e-03
4.620315032728262539e-04
9.057971014492753733e-04
4.179497973594211227e-03
3.302718745118497778e-03
1.269426290627353182e-01
1.672272325427011331e-03
1.618384851917786045e-04
3.914786035419082558e-03
2.004008016032063962e-03
8.264462809917355601e-03
2.531645569620253212e-03
7.232302581139790632e-02
6.879432624113475739e-03
7.698229407236335158e-04
3.773230207326243226e-03
2.398081534772182090e-03
3.934737534363197571e-03
3.612304973423862559e-02
9.579284452296820199e-03
5.000000000000000000e-01
2.418045122357441110e-02
4.053844996157683058e-04
3.871292106586224357e-03
2.272443341180668645e-03
5.749950383688900296e-03
2.192572602102670076e-02
1.680672268907563126e-03
2.548277829057956235e-03
3.235701896078507951e-03
3.237207576003885080e-04
2.879897500795820364e-03
1.753012048192771144e-03
1.299719017356970041e-01
2.510559662090813271e-01
6.771655993477845685e-03
1.265163837762869632e-03
6.600392972222259361e-03
6.451612903225806446e-03
5.851434388854583057e-03
3.303102040997087595e-04
5.048906048906048882e-02
1.896119305425299131e-03
2.412425618894373409e-03
9.852216748768472150e-04
1.344122948131859785e-01
2.209602478058853969e-03
1.285347043701799393e-03
1.650982334489021065e-04
9.525783779515122496e-04
9.844643372259867173e-04
2.397013716554760761e-03
5.272108843537414574e-03
3.778147357772076217e-03
7.692307692307692735e-03
6.445455426449761549e-02
2.746058498641658352e-03
1.904741445670114471e-03
4.115226337448560021e-03
1.606662187012265720e-03
3.676470588235294067e-03
2.106004997597137138e-03
1.618646811265781881e-04
1.736714136853073891e-04
1.680216802168021661e-01
7.722007722007721972e-04
1.941710223484063857e-03
1.622323166774821443e-04
1.220530262633339391e-03
8.759753775928450946e-04
7.158196134574087034e-04
1.891121343326893122e-03
1.091703056768558895e-03
1.037344398340248964e-03
2.101676564714124226e-03
4.134570151711160733e-03
6.696998234367140292e-03
2.240544051742612060e-03
4.730608117867976525e-03
1.747030048916841283e-04
1.495862557728364073e-02
1.035717139763396230e-02
1.074771821405848260e-03
3.540088952999158583e-03
2.573324243948517300e-03
1.231303782644573887e-02
1.499172870140612172e-02
2.434406503391637743e-04
6.243924117427977587e-03
4.090943827073582027e-03
1.841795042792021249e-03
2.226940985482438011e-03
4.237364135308677865e-03
1.096491228070175378e-03
8.481764206955046560e-04
1.142388048477860438e-03
4.151488589575928929e-03
1.686586985391766158e-01
3.002136752136752573e-02
5.659957583404785601e-03
5.016638935108153063e-01
4.744550429829617368e-04
1.560062402496099898e-03
1.142319097621670443e-02
5.369072135245140515e-03
6.430868167202572492e-04
3.019473506888319114e-02
6.439150032195750011e-04
4.914903652007622352e-03
2.277904328018223127e-03
7.490520814520454200e-03
8.296370993439649080e-03
2.789289156852375190e-02
2.126255112406045915e-03
1.121583783815696591e-03
1.408606665159477592e-03
2.556931502344602855e-02
2.865329512893982720e-03
2.136752136752136967e-03
8.054841306667000905e-03
2.433616581713214969e-04
6.933355177477059294e-04
2.509000900090008757e-01
1.618384851917786045e-04
3.640616190537412922e-02
9.970089730807576468e-04
1.854020296643247440e-02
8.895113291678072168e-04
2.717883418222976580e-03
6.799109406384053374e-03
1.227062108927882630e-02
1.172332942555685733e-03
7.202491125170638712e-03
7.047216349541931234e-04
1.291989664082687393e-03
2.504103080847182392e-03
4.016064257028112081e-03
5.821420765474961956e-03
1.386055303894786692e-03
7.898894154818325315e-04
9.868828549818360607e-03
2.843351548269580989e-02
9.478672985781990811e-04
3.608647870244049982e-02
1.980072703724962239e-03
1.356852103120759732e-03
1.478236168167118211e-03
7.916647476344729683e-04
5.662828695998356129e-03
1.059901498034611714e-02
1.083686389233248434e-03
1.297159421762099710e-02
2.272727272727272617e-03
3.184713375796178504e-03
2.089517262927667422e-03
2.093847676440332376e-03
2.169197396963123709e-03
8.216926869350862396e-04
1.764943107465782954e-03
2.539815704369240840e-03
5.936163580046668192e-03
2.854996773038761312e-03
2.557471264367816022e-01
1.889292653341592080e-03
2.440650595291496069e-02
5.000000000000000000e-01
3.030303030303030300e-03
4.661936097053257129e-03
2.932551319648093839e-03
2.919361767791818496e-03
7.189072609633357595e-04
3.642078216241557281e-02
3.114983366252915484e-02
1.513156144411631618e-03
7.680491551459293388e-04
7.057163020465773151e-04
1.732210561884727287e-02
1.841250686260178029e-03
1.953125000000000000e-03
2.949852507374631227e-03
1.375515818431911983e-03
2.884184148868287629e-03
4.896485976580274230e-04
9.980039920159679799e-04
2.177936873738529119e-03
7.241129616220129839e-04
2.747075729378319758e-03
1.730103806228373755e-03
1.945525291828793801e-03
2.523874188226259835e-03
4.022006837998697015e-02
2.434538335171544416e-04
6.353240152477763938e-04
1.423567325206669468e-03
8.799666831194472016e-03
1.913311630425451864e-03
3.255234658010674564e-04
3.556216673169462945e-03
5.687298954550735683e-03
4.986184572726053491e-03
5.147626213712381757e-03
5.599104143337066105e-04
9.327280837637947145e-03
5.439746572685710780e-04
4.749075206634412877e-03
1.085776330076004392e-03
2.908692654167189650e-03
4.047145576341367032e-04
8.340245610019912659e-03
1.185925563393751140e-03
7.220216606498194552e-04
1.032764031678468780e-02
3.180028985032274172e-03
1.618646811265781881e-04
2.912563078676089039e-03
6.441534086654365603e-03
1.622816822157614790e-03
1.459615443412863416e-02
4.976155919552145701e-03
5.420891198773110549e-03
1.751789850261379657e-03
5.784827586325318356e-03
1.272057025686453846e-01
1.851851851851851923e-03
6.858710562414265617e-04
4.105194710194603157e-03
6.491679198896342737e-04
2.320191228273913320e-03
1.669727834362998967e-04
4.048582995951417046e-03
6.849315068493150738e-04
1.792391760482600670e-03
5.950334444600440496e-03
1.140034553242394227e-03
6.896551724137930505e-04
1.522070015220700068e-03
1.927420364392554500e-02
2.730477806718403788e-02
5.314102803225168904e-03
5.663216404395582555e-03
4.201680672268907381e-03
1.261845848272147297e-01
2.020202020202020200e-03
3.937007874015747977e-03
8.024318342950798738e-03
3.806314883599559024e-02
8.510051711384723078e-03
1.869158878504672975e-03
4.994744042866052468e-04
2.861676145123951114e-03
2.789245037978232197e-03
2.398081534772182090e-03
9.785709498742831830e-04
4.547375101367633239e-03
5.775331457821647647e-03
4.088790302918846389e-03
1.475364421495165002e-01
5.477448855283817940e-03
3.179952027209888635e-03
2.427766298116692829e-03
1.676121141547438952e-03
6.687779499783185790e-03
2.624671916010498651e-03
6.349206349206349201e-04
5.385928822365894028e-03
2.293624228737346955e-03
1.656172072027855277e-03
5.560182757566063672e-02
2.536602864471056585e-03
1.235137678082883460e-02
1.714530291124904699e-03
2.453565489970856855e-03
5.076142131979695035e-03
3.802023285708510097e-03
1.282051282051282050e-03
3.435146998365299319e-03
1.349449511811620928e-01
8.474576271186440432e-04
3.831417624521072599e-03
1.928948212687549291e-02
4.973373755110758326e-04
1.007710862645941861e-03
1.623903864891198374e-04
1.434772593207460324e-03
2.963964216949908047e-03
1.025999057529336424e-03
2.517211703958691649e-01
7.447450130291499368e-03
1.872659176029962567e-03
1.671638118010905115e-03
2.428757623392664559e-04
5.434782608695652023e-03
3.080262998462484844e-03
1.939603652220799751e-03
3.515683022795444593e-04
1.000000000000000056e-01
5.617977528089887485e-03
3.717472118959107633e-03
1.048175797553686089e-02
1.786796932150799475e-03
1.811594202898550747e-03
4.492997825066607359e-03
2.453638477007335280e-03
2.897803630644608594e-03
4.837544141430583436e-03
7.204700061842918279e-02
7.097232079488999560e-04
6.376262626262625688e-02
1.428571428571428570e-03
2.207505518763796908e-03
3.701416402781571025e-03
2.511750881316098805e-01
1.767408978437610544e-04
3.043012298520536736e-03
6.935757469239946455e-04
6.807351940095302499e-04
2.731904494804803310e-03
7.220216606498194552e-04
3.646783599087036719e-03
2.590673575129533775e-03
1.622586402725945229e-04
6.431466622549425471e-03
2.197172959884824677e-03
7.776049766718506982e-04
1.704042664066850524e-02
9.435876623376624351e-04
5.000000000000000000e-01
4.436549617272508850e-03
1.533641470792702433e-03
9.433962264150943036e-03
1.309496347558631452e-03
4.115226337448560021e-03
1.088035635752448299e-03
1.773049645390070879e-03
1.581088388555697624e-03
6.387857849227299850e-03
9.182736455463728084e-04
2.633285691980639422e-03
3.312074285094679556e-03
2.428364429298960118e-04
6.273525721455457506e-04
8.860439392188754898e-03
8.756567425569176943e-04
2.751387512126230415e-03
1.890546935483897271e-03
2.386634844868735193e-03
7.473841554559043599e-04
9.337068160597572801e-04
2.113678332757653374e-03
6.234123735954679845e-04
1.007293019329822889e-02
3.174460470154078038e-03
9.256709986887370553e-03
3.511966988477745449e-03
6.250000000000000000e-02
6.281489997474773261e-03
9.718172983479105411e-04
6.061458051155500662e-04
8.264462809917355601e-03
6.413628690851248815e-03
5.102040816326530205e-03
2.060801391846766532e-03
3.944605990432684117e-02
5.291005291005290712e-03
2.654934824600681861e-03
5.699769160582709819e-03
3.197465127176250463e-03
5.042010245236213262e-04
8.403361344537815629e-04
5.988023952095808747e-03
1.661500291677575755e-03
2.171125450819200164e-02
2.915657928069756346e-03
6.197351991167880658e-03
3.053332106015413383e-02
7.762739932120889426e-03
6.572731794784509099e-03
6.208436851937598061e-03
6.246096189881323799e-04
5.975090636728720705e-03
6.144115830458851332e-03
5.376344086021505805e-03
2.105957317359499238e-03
8.936452317516023133e-03
1.180157233359379818e-03
4.531042932903721170e-03
1.256640984924229038e-03
1.138237102704226476e-03
8.379592915675389622e-03
4.087592281155789649e-04
2.380952380952381167e-03
9.051196913746222851e-04
1.026694045174538026e-03
1.040582726326743073e-03
1.391668948223336640e-03
6.765899864682003214e-04
7.376180764049877596e-03
4.184100418410041482e-03
2.521097046413501852e-01
1.322387269434112562e-03
6.800767865024732496e-03
1.721700818581648265e-03
4.904947430626932330e-03
3.798256537982565469e-03
4.510636405126600829e-02
5.743268320141271290e-03
1.052631578947368397e-03
2.391513640471211455e-02
1.967190068891885510e-02
1.515151515151515150e-03
2.226926377784596914e-02
1.678137381875256795e-03
6.583278472679394023e-04
9.425070688030159991e-04
4.741521557665055904e-03
2.466482562023963269e-03
1.073295577015545522e-03
7.513148009015778016e-04
1.060125375940716361e-02
9.138486312399355868e-03
4.849984019694057909e-03
1.668335001668335078e-04
4.757164693338328081e-03
7.473841554559043599e-04
1.049440443886269763e-03
1.400818714820847551e-03
1.791804873273303983e-02
1.662585915809405368e-03
1.945704907094574290e-02
1.329264583314727390e-03
1.398569416241333182e-03
4.579646210359469144e-03
4.720321838397337211e-03
4.739336492890995622e-03
6.658374792703151274e-03
6.940512173921777397e-03
1.674200569228193427e-04
5.334161210205463736e-03
2.173913043478260809e-02
8.128597106584031090e-03
2.509990009990010207e-01
1.065136681197444970e-03
3.254963427377220459e-03
3.366404656734980905e-01
9.437460606071954505e-04
2.249901748867176067e-03
6.253687920618171067e-03
1.385041551246537399e-03
4.868973209923700349e-03
2.394641188162758075e-02
6.398961314691651962e-03
3.741442795251026261e-03
1.717390034464629997e-03
8.928571428571428293e-04
5.617977528089887485e-03
4.690223716596301703e-03
7.496448925191516238e-04
9.323452532295318368e-03
6.747638326585694716e-04
2.321180667703651428e-03
1.080346683322917821e-03
5.039370078740157410e-01
4.739316168321191548e-03
3.553474619851896416e-03
2.624671916010498651e-03
7.337940167962941559e-03
4.739336492890995622e-03
2.081209438868646677e-01
3.272322187686601321e-03
1.577909270216962603e-02
2.623973976931540369e-03
1.983072570687256786e-03
1.202076230526889083e-03
2.272802435528110260e-02
4.985509564807602545e-03
5.988023952095808747e-03
6.730981849555902436e-04
8.264462809917355601e-03
1.183711472895814139e-03
3.819878060706266044e-03
3.641005478124264248e-03
1.492537313432835792e-02
8.228490725375280437e-03
1.265822784810126606e-03
1.598467828275356578e-02
1.286341113789286547e-02
1.510759862846304796e-03
1.099393438103115576e-03
1.644736842105263067e-03
2.401083095612044794e-03
1.136363636363636395e-02
1.371989933113370863e-01
7.186756694283347700e-03
3.210563887166792332e-03
3.267736673302366369e-03
2.012960601289282524e-03
1.215665002202532576e-02
4.218341048200732919e-03
2.583979328165374786e-03
4.104360536926563580e-03
7.858308608969084841e-03
3.640714083017310230e-03
4.197469453820493017e-03
1.733102253032929010e-04
8.968609865470852103e-04
2.785515320334261847e-03
2.329072378649965722e-03
1.179245283018867880e-03
5.154639175257731860e-03
1.208688738193065305e-02
7.102272727272727470e-04
3.594711803056080401e-02
1.953601176678652733e-03
2.266427804534400584e-03
2.766843849789518001e-03
4.961193612540402975e-03
3.894224308999826110e-03
8.535431404558922741e-02
1.287526455855207523e-02
1.189823599690772310e-03
2.653615717745833914e-04
1.490384615384615467e-02
5.014715413908759148e-03
1.779359430604982115e-03
8.909995772867802810e-02
5.655129032377768927e-04
4.480253353204172520e-03
4.042797184885933703e-03
1.319143129338496345e-03
1.104523351226149169e-02
5.485712534221659324e-03
1.579809642689967378e-03
4.862845448427174228e-02
3.049076640939957748e-03
2.191597282036558594e-03
8.928571428571428293e-04
3.241583972443544989e-04
5.889507637204492718e-03
1.363508932894971597e-03
5.662514156285391098e-04
2.481695905559194813e-03
2.724023821623624414e-02
3.463394063970566972e-03
4.795063124239122912e-03
1.087712868383655142e-02
3.329230524101983030e-02
1.516881712950619854e-03
1.285587188612099530e-01
3.413006618169884751e-03
1.142857142857142943e-03
1.684017627286760188e-02
4.238275306664946590e-02
7.562061768667025993e-03
7.651109410864575123e-04
8.117451490945467793e-03
3.229764185940842570e-03
2.235074947002928854e-03
1.499236828497130525e-01
2.487562189054726321e-03
1.064294672051872490e-02
1.752853919247274617e-03
1.004016064257028020e-03
7.293946024799416580e-04
1.236093943139678509e-03
2.822445842188948950e-02
8.583690987124463056e-04
9.593403687749562508e-04
1.717974228234145917e-01
3.297884565086792088e-03
3.059622640341300506e-03
1.491731278965321593e-03
6.941723746702999466e-04
2.375296912114014357e-03
2.717391304347826012e-03
1.024590163934426283e-03
4.849459788755062541e-03
2.025536003648000828e-03
1.073552834602558258e-03
2.338766758420321706e-03
2.666527240405730179e-03
7.855459544383346961e-04
4.048582995951417046e-03
1.625076521521768734e-03
4.428798890192833793e-03
5.024837809303581496e-03
2.659574468085106318e-03
1.742160278745644598e-03
1.588185134302904072e-03
9.990009990009990001e-04
6.104504504504504325e-03
2.111309223523431117e-03
4.702157340573260777e-03
7.139330502616766938e-03
1.773993258825616451e-04
2.470497538990689638e-03
6.845822834859138957e-03
2.063005365537224755e-03
9.803921568627450844e-04
8.255064726184637922e-03
1.453736271990719794e-02
1.112347052280311449e-03
1.816113322939969963e-03
3.968253968253968034e-03
1.321595878250332329e-03
1.483679525222551983e-03
6.894093288579699642e-03
5.706542779713510982e-03
1.389911933796823817e-02
5.000000000000000000e-01
5.577808674113874168e-03
7.102272727272727470e-04
2.321667548306994774e-03
6.951691268465375441e-04
1.607045974079029590e-02
5.000000000000000000e-01
1.680984891707095474e-01
1.685773018156821968e-03
2.558479532163742687e-01
5.714285714285714281e-03
1.481485612017503133e-03
5.209432389064147170e-03
5.882352941176470507e-03
1.296257057667427048e-02
3.012048192771084494e-03
9.107468123861566477e-04
2.880191477253851717e-03
8.872333701787951362e-04
2.871047810270818592e-03
3.577189654392030297e-03
1.273347583892723012e-01
7.158891325767776162e-03
1.430581042274182632e-03
2.395102895968643109e-03
5.747126436781609116e-03
1.278772378516624146e-03
9.040381113932788445e-04
1.674029498925566628e-01
3.764614613099673355e-03
1.934235976789168291e-03
2.461922801004092290e-02
1.006733334229102834e-03
5.822662887040947789e-03
1.618646811265781881e-04
1.615508885298869244e-03
3.305283726500575416e-03
7.993605115907273994e-04
8.169934640522876065e-04
7.213824351339930864e-03
3.014429651163699677e-03
4.671201049867645429e-03
3.353105575628213819e-03
1.127713134546847601e-01
1.795885998456062073e-03
1.917357683537622729e-03
4.075546987844350794e-03
2.123432827773837940e-03
7.434944237918215482e-04
4.929400217232099077e-03
1.561270795936620936e-01
8.695652173913043801e-04
1.027327180317894398e-02
4.982864357864357982e-03
1.612861667505717956e-03
2.429150944836862974e-04
2.619269733473466449e-03
2.955119703952086268e-03
1.287000061570294993e-02
3.026573681571630581e-03
1.495807142785375576e-03
2.364066193853427839e-03
3.875968992248061962e-03
5.095817643756592186e-03
6.493506493506493935e-03
1.647446457990115343e-03
2.507087172218284699e-01
1.736483562567408753e-02
9.157506002164131007e-03
2.703607700681156991e-03
4.104479502966602682e-03
2.801120448179271732e-03
4.655568999859326790e-02
3.952970879602883680e-03
4.720793596113360274e-02
1.375068967716320742e-02
1.382175948037061858e-03
2.834274162976879730e-03
8.000000000000000167e-03
1.019367991845056146e-03
3.024539285520074731e-03
4.832187937345014395e-02
3.140920549555237858e-03
1.275346736224562162e-02
3.424657534246575152e-03
8.865248226950354395e-04
6.702341063767674849e-03
8.025682182985553704e-04
1.945525291828793801e-03
3.665370492964881849e-03
7.228254239355862143e-02
1.844293883992780339e-03
5.000000000000000000e-01
2.960015981131124563e-03
1.878545961228443540e-03
1.262462438352062941e-02
5.040061730492048121e-03
1.081526374621876244e-03
5.050505050505050934e-03
2.739755257295380716e-03
1.250000000000000000e-01
7.453878568797529802e-02
3.636363636363636360e-03
7.518796992481203458e-04
1.180157233359379818e-03
2.915451895043731732e-03
2.462898201996594622e-03
1.344117036250778779e-03
8.933794505687981183e-03
1.652255108125360791e-02
8.695652173913043801e-04
2.725306883863321764e-03
6.226379044152138310e-03
1.371782094435773647e-03
2.050995390419997014e-03
8.441039254193326985e-03
3.252409598733362202e-04
4.987591241634026359e-04
1.682599606243276617e-03
2.631727810851766745e-03
9.828803013114419812e-03
9.043575567461287906e-03
6.250000000000000347e-03
1.302816665325716656e-03
6.770480704129992972e-04
1.342977727875005120e-02
1.138952164009111563e-03
5.934409000311860645e-03
1.517450682852807334e-03
3.959532530961102498e-02
1.275920191290031824e-03
1.089187351453185619e-02
3.539812128570366413e-03
6.666666666666667095e-03
3.314307781740809082e-03
2.578076299657794737e-02
2.576337014665761385e-03
1.104097130244303775e-02
2.779741095454755281e-03
1.971501447941238425e-03
6.193882493200700279e-03
8.470640470717379772e-03
1.486381068780611055e-02
1.957005712092672964e-03
1.371076654492869688e-02
1.127395715896279543e-03
1.122018552165230006e-02
1.618908855431439237e-04
8.186680469289164819e-03
7.955335526890431469e-03
4.201680672268907381e-03
1.097498814393791690e-03
3.013001338107120820e-03
1.673799334284355456e-01
1.165350288396623316e-03
1.165501165501165500e-03
2.349919417011245640e-03
8.558985879184135073e-04
8.030417259637961935e-03
3.149545842510619118e-03
2.914465369064280220e-01
7.204092337970142805e-04
1.057082452431289685e-03
3.888516175041188856e-03
3.742341752379035880e-02
5.882352941176470073e-04
9.900990099009901110e-03
2.000000000000000111e-01
5.362845797919298801e-02
6.023875939115398009e-02
1.763782220702092649e-03
9.972913557004206998e-04
3.154574132492113468e-03
9.970089730807576468e-04
1.664899144125560684e-02
3.417204316980710505e-02
4.009574516952290994e-03
8.285004142502070800e-04
5.988023952095808747e-03
2.111809992410167147e-03
4.844125990670360149e-02
1.914752051520055183e-03
3.129901748510830611e-03
5.917159763313609329e-03
8.896797153024910577e-04
4.140301329474956743e-02
1.893590488471948554e-03
7.817847773331745159e-03
2.237136465324384739e-03
3.959610178240397828e-03
2.473505395237858041e-04
2.206033139417200913e-03
1.999531425980466317e-03
2.505574479954934515e-04
6.613344336135973389e-03
3.312876667823387924e-03
8.467404811847871471e-03
1.685705063980580398e-01
3.271381541143716064e-03
8.163966796049054730e-03
2.199459656217116546e-02
4.871063222674133601e-03
1.955391496535530474e-03
7.082786347972485231e-04
1.054852320675105396e-03
1.540832049306625632e-03
9.057971014492753733e-04
3.676266525988364058e-03
3.618353213123866579e-03
1.001724064485896501e-03
5.564594568960078234e-04
5.114890711187958759e-03
5.634023282703792823e-03
3.519674334735577777e-03
4.724317046043944278e-03
3.464063290559698995e-03
3.863714089430161491e-03
1.103752759381898454e-03
8.612317107212805883e-03
4.413404288200016047e-03
3.841579777764910983e-03
1.408450704225352144e-02
8.025682182985553704e-04
2.318544411832639245e-03
1.605882804111060172e-03
1.168547057113371139e-03
1.362942750925294402e-03
3.435177286664448017e-03
8.106386560649634504e-03
6.596306068601582879e-04
1.696120400521995697e-01
8.298755186721991492e-04
1.940105434776586606e-03
1.426533523537803182e-03
3.493954278148588433e-03
2.072158365261813490e-02
1.022200228988376022e-03
7.353894777318733394e-03
7.260366623328450356e-04
2.619427633532708192e-03
6.877579092159559915e-04
1.893365322537832879e-02
6.666666666666666444e-04
1.079913606911447150e-03
1.724711881544756329e-03
1.084591584637306823e-02
2.819581325954881833e-03
5.155915055479188798e-04
1.002577163883342816e-02
2.479697219915626832e-02
1.988441760171347390e-03
2.817965574066633606e-03
3.521126760563380361e-03
1.094091903719912433e-03
4.241412169338104263e-03
1.829096266574715534e-03
2.329387027603560187e-02
1.577506270325419388e-02
7.042253521126760722e-03
2.323348694316436369e-02
4.630491736802129499e-02
1.052441502091136776e-03
1.063486004078552372e-03
2.524390243902439046e-01
2.925055526266654229e-02
1.531148174900421113e-02
4.480334447508992415e-03
1.047887375715367796e-02
6.644518272425249542e-04
2.595487164695427489e-03
7.889372210302752174e-04
5.000000000000000000e-01
1.782489810794374643e-02
2.037099545072118198e-02
3.747277960423052098e-03
8.849557522123893682e-03
6.779661016949152996e-04
1.482609808411621856e-02
3.875968992248061962e-03
9.320629807775445688e-04
2.487562189054726321e-03
1.491940631156222748e-03
1.328628280587236012e-02
5.128205128205128201e-03
3.865626710454296566e-03
1.891814027154454375e-03
8.306611847547351948e-03
1.800066909894407338e-03
2.704682839916564170e-03
3.920226945501717464e-03
2.521089150604862144e-03
2.465294448154120403e-03
4.383555370803559649e-03
6.498696485688731624e-04
3.205478836747044803e-03
5.256800240258374668e-04
3.558164557369561040e-03
8.733624454148471812e-04
5.000000000000000000e-01
4.654418134086954484e-02
4.932437266649877805e-02
2.504978583852794649e-02
6.195786864931846416e-04
1.097362927891129027e-02
1.510958479897392187e-03
3.743866431590798030e-03
1.647472267445722338e-03
2.369357762103378121e-03
9.023955829549579200e-02
1.061571125265392762e-03
1.518943437950830795e-03
1.321939594775653915e-03
3.537827564540335385e-03
2.107434352064658373e-02
1.885170442890182763e-02
7.659574468085105989e-03
5.000000000000000000e-01
1.367185906747247770e-01
1.067323970388125119e-03
2.536373057775669765e-02
7.168458781362007162e-04
3.068478116899090152e-03
1.779359430604982115e-03
2.188778915515271397e-03
5.988023952095808747e-03
2.881803329574466471e-02
4.879249298768696631e-04
1.003898975598611692e-03
4.839021429278059921e-03
2.945964409047732453e-03
4.135766985692174505e-03
3.448275862068965469e-03
1.217270657863133224e-03
1.672240802675585255e-03
2.808881196005146626e-03
2.970335996140525698e-03
1.241067754267819855e-03
3.240356699688966822e-04
6.000323565292594100e-03
1.068476302424826128e-02
7.313203863184686813e-03
4.778604267007370739e-03
2.183649741242526740e-03
6.711409395973154000e-04
4.651162790697674354e-03
1.727712508638562484e-04
1.277869953848734079e-02
1.639344262295082053e-02
4.655556859941971729e-03
2.282211451232471662e-03
1.036382601253465824e-03
2.504848093083387409e-03
2.023872924488588632e-02
1.315605200209197245e-01
5.047393421105028644e-02
3.563324712312010683e-03
1.851851851851851923e-03
1.934747154307354554e-03
6.688372073670622491e-04
4.524886877828054703e-03
5.277913213066796373e-03
7.564296520423600782e-04
2.321809256735555063e-02
2.468364968364968309e-03
3.088671397576435180e-03
1.081081081081081098e-03
1.751313485113835389e-03
8.822636104748688909e-04
9.080980708550212208e-03
2.550761421319797106e-01
6.430106032773991523e-03
1.682612741097781195e-01
7.346052855583628735e-03
2.539928004818062246e-01
1.358968818944597361e-02
5.204380574896331699e-03
2.066115702479338900e-03
2.710638553376083695e-03
3.364776602072516287e-03
1.576228995627259113e-02
1.672240802675585255e-03
1.234378988549645305e-03
1.928233127330542928e-03
4.413996467670299947e-03
1.636661211129296313e-03
8.702971950133571097e-03
1.294535635846234128e-02
1.739485504287464207e-02
4.548485769223096359e-03
9.861932938856016271e-04
2.141385997777696393e-03
7.110602521058950916e-03
6.727903060032023978e-03
4.342289321349853022e-03
8.467400508044030166e-04
1.540034431902979548e-03
6.600768464324282929e-03
2.296530935472334330e-03
1.677008217340265103e-04
1.422570510784002288e-03
1.676767676767676810e-02
2.766346361768839534e-03
4.055272180435528888e-03
1.382411738155131910e-03
6.325110689437065271e-04
3.846153846153846367e-03
4.782797096739248646e-03
2.313736138289758382e-03
8.944543828264758540e-04
1.015228426395939137e-03
4.375010476557654807e-03
3.311416047265104343e-03
4.347826086956521618e-02
3.067484662576687188e-03
1.262626262626262734e-03
8.865248226950354395e-04
7.183092257195427578e-03
5.137412244093477257e-03
6.204888528730000304e-03
1.259523220649221287e-01
3.809639910480337906e-03
8.368200836820083180e-04
1.849308715030616125e-03
2.189845456373306493e-03
3.508771929824561469e-03
1.285347043701799393e-03
1.129783708387809005e-03
5.449591280653951191e-04
1.681621121786783801e-01
8.620689655172413673e-03
1.088139281828074019e-03
1.593752760034977374e-03
2.508143322475570036e-01
4.201283350219520846e-02
5.327406914455126881e-03
2.857255337416702169e-03
4.941638056468979773e-02
1.219398475031765842e-02
1.667418415115075716e-03
3.092173748732802031e-03
1.965414363078489112e-03
1.126966628093024067e-03
1.077586206896551709e-03
1.633512763771795316e-03
3.676470588235294067e-03
1.040582726326743073e-03
2.250994996391294644e-03
1.331877447948876534e-03
9.047916331558654695e-04
7.092198581560283516e-03
1.754385964912280604e-02
1.618646811265781881e-04
4.248086361060689035e-03
1.983401065650293102e-02
4.633886996182152648e-03
2.612740003628106003e-02
1.759263345248076715e-03
2.895020976023869250e-03
1.058201058201058272e-03
1.094091903719912433e-03
6.756756756756757132e-03
3.663041457998788761e-03
6.418001672059299445e-02
2.658052761889189049e-03
6.531678641410842805e-04
8.487440250746601175e-03
3.549669916576391696e-03
2.473231095918550573e-02
1.618646811265781881e-04
3.012048192771084494e-03
3.839370422440454428e-02
1.125124922989475997e-03
7.352941176470588133e-03
7.336757153338224887e-04
3.103908371395974145e-03
3.225806451612903223e-03
1.285512348181448022e-03
4.793445497766623403e-03
9.930486593843098047e-04
1.966981799213348304e-03
1.891102952870699419e-03
2.141538795599305309e-03
5.464480874316939886e-03
1.992758502512435598e-03
3.081414855082365359e-03
1.920523687708926199e-03
6.969759658881706206e-04
1.683404849202918274e-01
3.244295836294339998e-04
4.220206601158981753e-03
7.209805335255947689e-04
7.716483165948529767e-04
1.448085630796087670e-03
1.680414536510763850e-03
2.551020408163265103e-03
2.197802197802197800e-03
5.199636283372679807e-04
5.847953216374268681e-03
3.113711305277323295e-03
2.962242312532585662e-03
4.053253820719827753e-04
1.309609822829874972e-03
4.517657802727455263e-03
1.615508885298869244e-03
1.251564455569461861e-03
5.073242027294613344e-04
2.717315268913837473e-03
3.021148036253776432e-03
9.625547492476200151e-04
2.154938935433239455e-03
1.677570877369568734e-04
2.166620715007811816e-03
1.648827358488800382e-02
1.623903864891198374e-04
2.275382666836849900e-03
4.886108816239820643e-03
5.000000000000000000e-01
7.433131666932017365e-03
2.843718643382349767e-02
1.074200250821306197e-03
1.515208950766191130e-02
3.506034837470854270e-03
3.277307399979837691e-04
2.249641692557786000e-03
3.573993758290940070e-02
1.462950693539079652e-03
6.636759121125696166e-03
4.715717776594521675e-03
1.234497929024171679e-02
3.247177172749056342e-03
2.057613168724280010e-03
2.926044759982718724e-03
1.677852348993288500e-04
2.141327623126338450e-03
1.683248289348338728e-03
1.015778206397072517e-02
3.354778933341661870e-03
1.194743130227001121e-03
8.756567425569176943e-04
1.077274653681196655e-03
3.099520147905850034e-03
6.381853865936379508e-04
6.067961165048543163e-04
2.335164835164835109e-03
1.102836515956334695e-02
5.514331120706364095e-03
1.017421602787456497e-01
3.491051747431249495e-03
6.996434937611407945e-03
1.402815980083728722e-02
1.734605377276669553e-04
6.532862432123208267e-04
4.736521773275218644e-03
