5.100392771109215490e-02
8.939905188452525664e-04
4.465975136768975118e-03
3.527422696095881133e-02
4.705481805121315003e-02
6.254619754498436102e-01
5.439044352202248023e-01
1.013771139560613321e-01
6.859060839168464041e-02
1.314154915806160437e-02
6.271686864368757330e-01
6.565652409449954140e-04
1.670087197052122496e-02
1.359557088204898026e-02
1.051435151902441606e-01
4.711518642606633833e-02
2.724933992771387883e-02
3.921051211743141474e-02
5.873376142930489957e-02
4.109527799644970003e-03
9.316256218304927450e-02
6.494855169972402588e-04
7.540281011152230421e-03
1.676686873432988931e-02
2.081049686836167895e-02
9.049443259430670419e-03
1.247863330774340827e-02
5.290707146115432649e-03
5.794746096249748547e-03
7.537706193588545878e-01
4.201545617048640241e-02
1.087317046644836575e-02
5.027422475642540078e-01
1.304181653558322829e-02
5.214453254821953439e-03
1.481479691710093673e-03
3.482957369167328371e-02
5.975730322264516566e-03
6.684501492904854070e-02
4.520312769501689393e-02
7.147043969339878823e-04
6.560063418021611125e-04
1.112034814470030594e-02
1.820338990577536828e-02
1.465841564681370085e-02
1.186477862330272658e-02
3.604228918981923213e-01
7.879416541985868883e-02
3.796508716908438691e-02
6.167238467643026967e-03
6.764089289365307622e-02
1.741641113456266488e-01
4.034920634920634575e-01
2.924969767075030411e-02
1.484621553058961029e-03
8.436326478805848683e-02
2.946017038106077054e-02
2.612536045749249206e-02
3.026085276103117339e-02
3.388552688427712983e-02
1.633125877563946712e-02
6.684501492904854070e-02
5.038246234763180814e-02
9.030858767928759759e-03
1.980335215295487769e-03
6.102039674135207453e-02
6.480818760631664593e-04
9.465276666844416043e-02
1.596716890061712635e-02
1.125912811124636474e-02
1.600009726684645944e-02
6.615342598156549216e-03
6.363464553186086448e-04
1.373943538939032850e-02
7.488879046110586205e-03
6.349965906413389261e-02
1.089669708764340111e-03
2.598689885305336886e-02
4.477053290042568717e-02
2.015070664042392136e-03
8.813195302711797699e-03
4.034920634920634575e-01
7.177604480304362877e-02
1.713891431930945203e-02
1.810873968352349345e-02
1.966671189931576674e-03
1.327466034589674070e-02
4.806408164409007450e-02
2.815725836120540684e-02
1.859410521903366864e-01
3.277549921757782342e-02
7.745186955568242847e-03
4.118901956974375944e-02
1.957947797106337345e-02
4.757483868143171785e-03
8.737915852358411894e-03
8.362242332830566172e-01
7.382502372206667385e-02
1.347791237841706492e-02
1.199015952961433526e-02
1.601856951569082671e-02
1.471356652160958796e-02
2.107323662856168053e-02
4.888865858954908987e-03
7.585641949087328084e-02
6.684501492904854070e-02
1.318943792514068805e-02
1.600009726684645944e-02
8.074777137249316075e-04
2.924969767075030411e-02
4.034920634920634575e-01
1.005215976083510994e-02
1.012966209972356035e-03
5.675078808052084513e-03
1.980923352867551210e-02
1.000000000000000000e+00
4.893773182477665490e-03
2.517879730393660434e-02
4.905942141236258741e-02
3.002063708034097191e-03
1.308130597544090133e-02
1.057242561298525575e-03
3.069159855541103016e-02
7.132016158416404697e-03
1.546328471942972141e-02
8.654987273824315056e-03
1.004368604297358261e-02
1.137103174603174560e-01
1.679091884415286062e-02
3.657151330896810798e-03
8.436326478805848683e-02
6.571101583713975141e-04
6.684501492904854070e-02
1.600009726684645944e-02
3.738616698175521724e-02
2.824043657809884728e-03
3.946463950983692959e-01
1.074501568732070117e-01
1.208993832086632109e-02
8.261531923538662989e-03
1.131333943833943839e-01
8.908241264147336025e-02
1.690385755827512968e-03
5.226780116115713713e-03
4.266502389486260260e-01
1.057242561298525575e-03
4.034920634920634575e-01
2.707117295030911919e-01
1.932314459358277408e-03
5.021825396825396748e-01
7.585641949087328084e-02
7.296994304923756607e-03
5.287332911831196108e-03
1.581247389668433839e-02
1.404958172821392688e-02
6.165281081557184850e-02
8.362242332830566172e-01
9.588235294117646301e-01
1.046688245154437508e-02
2.169338455105240121e-02
1.091627860428922951e-02
6.576824062958516737e-02
1.487487422779363855e-01
1.609360724841440993e-02
3.066332609734762071e-02
4.275902446162491849e-02
2.334249794786319790e-02
5.093856054158766135e-04
4.513378968244850147e-04
1.057242561298525575e-03
3.015405071254435854e-02
2.661148403233344964e-02
2.684301952888866472e-02
8.730351644790147470e-01
5.220442255067046095e-03
1.308226642128820505e-01
9.993318646318331486e-04
2.881136772103927782e-02
2.386951698936833760e-02
4.034920634920634575e-01
2.723830448363862358e-02
8.808957332216380345e-03
1.266045318564829048e-02
3.443284632787257937e-02
1.301299221193907276e-03
3.150180943588435506e-03
1.690626566416039978e-01
2.092043789140582075e-02
1.216381947052128619e-02
2.420634920634920639e-01
3.046156033588218529e-03
2.561606190365839971e-03
2.686484196465212856e-03
5.054728666064018695e-03
2.834346829784786630e-03
1.338072416687671462e-01
8.769463892806146632e-03
7.713789682539682335e-01
4.104207389527366190e-01
2.074033855054994296e-02
1.771588475132318888e-02
9.588235294117646301e-01
6.679818176341192904e-02
4.602498655946121037e-02
1.402265561024841345e-01
1.206383130260425991e-02
8.177149838295798279e-02
1.001123315188288260e-02
1.982523778742266152e-01
2.446286726016504067e-03
9.092809570155384324e-02
3.493202983473648379e-03
1.832640671755576545e-01
5.411387696243244623e-03
6.494855169972402588e-04
5.080509246143920937e-02
4.008131488082832677e-02
4.601620180639087732e-03
2.648049114220325882e-03
1.973382347348623389e-02
4.300699300699301064e-02
7.207050893742499714e-03
7.325383899580497314e-03
1.624243614036312072e-03
7.713789682539682335e-01
1.600009726684645944e-02
3.341641099991909947e-02
5.288377793580751815e-03
2.333675999584747772e-03
2.970265961979498201e-02
7.641461419708998892e-02
1.057242561298525575e-03
7.773401220525041899e-02
8.356060915241518214e-03
5.447744688799467383e-01
2.641975655007013785e-02
6.202947845804988036e-01
4.034920634920634575e-01
3.472301605360446353e-02
6.072174642914008984e-03
4.546173596631249147e-02
5.183009206297325283e-02
4.300699300699301064e-02
7.973240104507069159e-03
1.373943538939032850e-02
1.075780686809224007e-01
5.680830432307341395e-04
3.480761981294068497e-02
3.597859974696882707e-02
1.116427525425444690e-02
7.592198479934300290e-03
6.684501492904854070e-02
5.175136614499744811e-03
8.908241264147336025e-02
3.509065998661574648e-01
1.361861069214010400e-01
7.720419480818037361e-02
1.030251942698331633e-02
4.034920634920634575e-01
4.623010414293141773e-03
9.755891855301012782e-04
6.202947845804988036e-01
2.817091500583117705e-02
1.408159300484038423e-01
1.826159879388732088e-02
5.760703234060599942e-04
2.179087706114605366e-02
5.810781804526625981e-03
1.600009726684645944e-02
1.892589481091951423e-02
1.584090525704497793e-02
1.600009726684645944e-02
4.034920634920634575e-01
1.626356295826699230e-02
7.398869962724528848e-02
9.300356901619609776e-03
7.787902236431647474e-01
2.583191897189506675e-02
1.015348679512035890e-01
1.075780686809224007e-01
7.973346189123155583e-03
1.801130758388893027e-01
2.858888294422633480e-01
6.703737166194070340e-01
6.345450968616694887e-02
1.373943538939032850e-02
2.126904843106026607e-03
3.515615567756329857e-02
3.041903229024433414e-02
5.021825396825396748e-01
1.343098653395784561e-02
5.147380060219892452e-03
2.018878320558992745e-01
1.360140071341926250e-02
3.405202969777047090e-02
5.680830432307341395e-04
3.401616804692025181e-02
8.373418137481528079e-02
5.152679079377598531e-03
7.713789682539682335e-01
2.422866139445407560e-03
1.731428571428571261e-01
9.974561756580192437e-03
1.057242561298525575e-03
6.787879318151880843e-03
1.373943538939032850e-02
5.825375525818885002e-04
8.654987273824315056e-03
7.337083122510482114e-03
1.057242561298525575e-03
1.001233126357257454e-02
5.388780328750713000e-01
1.075780686809224007e-01
2.576682876432386804e-01
1.977828533578608865e-03
1.346327610296655904e-03
5.477757465389399526e-03
1.244172660536304632e-02
7.345883679876099963e-03
1.698223733938019342e-01
3.746952467767176564e-03
8.531042515391099035e-02
7.787486073297761324e-01
3.900193798449612392e-02
8.939905188452525664e-04
4.740298221015517947e-03
6.624586538683286362e-03
1.240294753087878288e-02
2.406414083744789698e-02
9.041604845185608960e-03
1.924776470789322028e-02
4.650169302644550223e-02
1.096783508614692509e-02
1.406244659295282327e-02
3.168407142412336518e-03
7.292255365784271019e-03
8.428502911949431464e-02
1.000000000000000000e+00
9.266867772750125853e-02
1.690234251057446888e-02
6.916485112563544035e-01
5.076417459757134008e-03
4.403565283099188966e-03
5.009073560614982212e-02
3.452875189432305647e-02
1.339606410503107504e-02
1.128742273871484458e-01
1.229216541239203401e-03
8.175813832231966158e-03
9.069356992961220831e-03
3.071260316925899722e-03
3.301325914907209808e-02
1.000000000000000000e+00
4.034920634920634575e-01
6.202947845804988036e-01
2.462541178484968507e-01
1.101045207755598030e-03
2.525803132610522465e-03
5.767313704694635584e-02
2.116870824146895383e-02
8.362242332830566172e-01
3.610071420901124484e-02
1.819729666473572042e-03
4.553968253968253554e-01
8.362242332830566172e-01
5.095057935633752824e-03
6.329999417563213389e-03
4.894205672588802097e-02
8.362242332830566172e-01
4.723002586889876557e-03
1.600009726684645944e-02
4.034920634920634575e-01
7.348743491984869106e-03
8.539597391446641927e-02
2.181839876673673587e-02
2.891725215206018135e-02
9.820922902653295150e-03
2.587666058195422364e-02
1.216293939964624600e-02
7.629255000809014031e-03
5.702915681429354807e-04
1.373943538939032850e-02
1.443843694998435401e-02
6.580690002815041753e-03
4.190569887755621510e-03
6.619211537783221966e-02
1.093010659807854782e-03
6.024291497975708606e-03
1.097104472893946497e-01
1.382920807587135863e-02
1.600009726684645944e-02
5.097861872837326259e-03
2.313259240113724191e-02
3.795877617003163423e-02
5.317708914322150961e-03
1.768594665280442402e-01
4.366584660770612969e-02
2.971768911803263427e-02
7.012121202818279997e-01
1.053999858072481033e-01
3.460552869371582435e-02
2.064620737425462010e-02
1.488860627034748786e-02
2.641863348559226818e-02
6.158545632566584521e-02
3.010421716435130509e-03
1.518557753622039666e-02
1.303067225482637710e-02
3.813649695529931077e-02
1.075780686809224007e-01
6.095738295318128275e-01
4.310205458701699688e-01
5.100466706469907428e-03
1.482114362406802355e-03
2.767637742426712344e-02
6.202947845804988036e-01
1.743703948856209496e-01
1.600009726684645944e-02
6.373334682157724869e-04
4.349670637485763547e-01
6.547109382088358957e-03
8.939905188452525664e-04
6.129967476785007363e-02
2.887939748981751750e-02
1.081901804595222175e-03
4.961827315859721442e-03
1.600009726684645944e-02
5.545895830713081127e-03
6.769188115871550837e-03
3.908313334157286108e-03
4.034920634920634575e-01
3.060732950315529083e-02
1.600009726684645944e-02
4.340982744571691976e-02
2.391704271479187446e-02
7.828334972498238132e-04
1.185449506627472838e-02
4.920364825482514146e-04
3.128030394773355372e-02
2.204831575174795444e-02
1.600009726684645944e-02
1.505235519073687411e-03
1.600009726684645944e-02
5.105684764973685702e-02
9.007057874358435218e-03
5.037885206360363105e-02
2.661688186452821833e-02
3.603302935180753216e-03
7.427684067914780940e-03
5.021825396825396748e-01
4.718964262678196006e-03
5.770797975635722421e-04
9.031347034678283581e-04
4.034920634920634575e-01
8.896048420412763780e-03
3.780014445345331042e-02
2.432958833194468645e-04
1.743703948856209496e-01
2.183791527363633522e-01
3.483753173768371070e-02
3.465190717238764411e-03
3.890976064232819220e-02
6.266078016080446345e-01
6.696496123673431437e-03
4.195380388138799169e-03
3.639447039505854659e-02
1.600009726684645944e-02
1.942344121867431092e-02
1.001233126357257454e-02
6.024291497975708606e-03
1.007168700378361786e-01
2.246506508561523993e-02
7.250408934666184857e-01
5.695410827870125026e-04
4.925998879311982177e-04
3.537661082484629127e-02
1.262209456465516501e-02
4.801984475194378404e-02
2.357365201828955092e-02
8.939905188452525664e-04
3.857930670146738749e-03
1.362395514081865544e-02
1.000000000000000000e+00
1.648208358734674639e-01
1.520265415791321739e-01
1.549894984251426813e-02
3.100384883684510415e-03
1.600009726684645944e-02
8.124409638856675648e-04
1.600009726684645944e-02
8.124571506924447295e-01
1.001233126357257454e-02
1.373943538939032850e-02
2.656938187440079785e-02
1.057242561298525575e-03
2.948421097880673039e-02
1.022867907556902767e-02
3.808924362362128141e-02
2.396229260935143768e-01
1.079223316913762061e-02
3.379360465116278828e-02
7.713789682539682335e-01
2.083395614384501993e-02
1.815266302876383450e-02
1.690254404023295437e-02
3.352374142517712020e-03
2.010199143220842144e-02
1.496379346589335295e-03
1.000000000000000000e+00
1.859845381055761915e-01
1.511819088316485819e-03
4.799349178265397732e-03
4.227778805468608223e-03
2.210604962437074522e-02
5.764996705284160597e-03
7.628112879082975294e-04
8.908885232414643918e-01
8.001759115145086823e-03
6.271686864368757330e-01
4.526098960174015267e-04
7.617144293614882544e-01
1.038987568224105686e-02
2.292158066389253512e-01
4.396982163983140235e-03
5.551506283189045453e-03
9.548248451936745471e-03
1.373943538939032850e-02
2.746458126623965452e-03
9.433358555491879252e-04
1.106412719322825110e-02
7.890717503381222686e-02
1.907060674215721105e-02
2.503567363506447041e-01
1.600009726684645944e-02
4.034920634920634575e-01
6.380709817204770684e-04
4.242003999794234648e-02
6.574361014256354264e-04
1.600009726684645944e-02
8.287697175899669949e-03
1.834791130511250574e-03
9.214212207647171429e-03
8.362242332830566172e-01
3.412453509307935423e-02
1.022701731792564905e-02
7.792204756926724915e-03
2.803034282638491512e-02
4.034920634920634575e-01
4.197861680949005470e-02
5.363536747414566347e-03
2.177918083629324167e-02
7.007260366166481215e-03
1.992630842925332841e-03
2.817436934832892939e-02
1.221889978216117272e-02
1.600009726684645944e-02
4.034920634920634575e-01
1.485682596497610308e-01
4.122062428102033632e-02
6.560562544642730256e-04
1.995687676605664360e-02
7.330914167935922987e-02
6.142868836501362562e-02
4.447837105225855431e-03
1.741119732150698401e-02
2.902274133822971280e-01
3.254333554872757689e-02
8.246794268361038252e-03
7.365115839919544882e-02
1.619037262577932290e-01
6.119577244854445056e-03
6.768911800795981981e-02
3.144304461338469359e-02
1.066976634193138145e-02
6.354108946509889888e-01
1.138954564559634900e-03
5.606706241319124769e-03
4.034920634920634575e-01
1.600009726684645944e-02
2.527986865359335700e-02
1.911515036854080987e-02
1.137953986383135685e-03
1.757024585392195221e-02
2.028192628578094799e-03
9.564993440648603129e-02
2.804642546245052562e-02
5.714026343004462161e-02
8.005837788485342665e-02
3.373236490338100968e-02
3.350254738819963968e-02
9.450512592429674216e-03
2.719769508478225850e-02
2.817137687155070111e-02
1.011702616391721475e-03
1.001233126357257454e-02
2.300441596112900167e-01
8.191420359921082125e-03
1.036212140955223952e-02
6.044476051652407627e-04
4.027039572066821310e-02
7.071898095186213151e-02
1.093682627444516990e-02
1.637950480420045582e-02
1.044364604515133146e-02
1.845405484383308772e-02
1.822511089440845625e-02
2.019474119625048331e-02
1.494277345007732254e-03
2.118910051508180598e-02
1.600009726684645944e-02
2.848958722525148785e-02
1.546771116849758338e-03
3.587426695887219880e-02
4.034920634920634575e-01
1.000000000000000000e+00
1.304640273438533761e-02
1.994982721536915984e-02
2.583191897189506675e-02
2.396229195503522466e-02
2.759661102731735330e-02
8.508117225384778104e-01
1.285317345544088607e-01
1.116912980147938619e-02
8.664130165466703629e-03
6.917359825283136976e-02
2.993279038467200684e-02
2.373925564809074157e-02
5.090179077397507384e-02
1.688092693924346174e-02
1.258584167057848723e-02
2.357029533829397856e-03
7.082698846908218326e-02
9.091271173752321633e-02
1.760159455987058731e-03
7.096301859701353680e-03
1.878447384480164406e-01
4.456041013990180537e-03
1.914609603424365786e-02
1.778124146220066981e-02
1.600009726684645944e-02
7.303722440698088170e-04
4.781397684858744099e-03
1.590776506325618234e-01
9.535882991330257852e-02
1.942621859804850512e-02
1.687632044541324816e-02
1.702305512416238745e-02
8.362242332830566172e-01
5.680830432307341395e-04
6.207103615257657594e-03
5.083764274940745509e-02
8.689993237797892511e-03
1.671191615474075173e-02
8.935533372594358856e-03
8.362242332830566172e-01
6.315160051446790622e-03
5.021825396825396748e-01
7.587449689088211421e-03
8.654987273824315056e-03
5.500208792703117910e-03
3.299969588668986986e-02
5.495171644777329112e-01
1.225518101864816155e-03
2.884496832810273803e-02
2.622938267455723338e-01
3.642653782807705846e-03
4.034920634920634575e-01
4.751417573530262728e-01
8.302132065158587815e-02
3.209270689825764397e-03
1.600009726684645944e-02
4.067812428617906262e-02
8.621898159620512356e-03
4.227041330239628136e-02
3.650457027990509831e-03
4.346822699317561267e-01
1.919802367957700734e-02
4.103284352376049683e-04
1.023839245549771765e-01
2.911122769327237261e-03
3.738700028563046729e-02
2.035314816816236744e-02
4.338522584764710650e-03
6.544444444444443842e-01
7.964016574469713963e-03
4.145357300144824481e-02
1.750112734461633374e-02
1.600009726684645944e-02
1.804912280701754246e-01
7.569692457069785059e-03
6.398186796106391898e-03
2.432789068311311600e-02
7.309388738726340729e-04
7.427684067914780940e-03
3.013500101536796885e-02
1.716449039386079220e-02
2.511106250901615558e-02
1.600009726684645944e-02
2.556030424828743298e-03
9.892946461960172924e-03
9.616648017612786439e-03
3.265219140343271487e-02
1.879985622290466802e-03
2.191854344685351900e-03
4.681901329777957838e-02
1.353631397841923989e-01
2.613067094450072791e-01
6.387166757798656835e-03
9.913751487999607204e-02
8.938119746946113220e-02
9.528366830804905693e-03
1.275741029802946770e-02
1.600009726684645944e-02
3.379360465116278828e-02
1.591073950784928359e-01
3.899652060416243602e-03
7.027777777777778345e-01
3.467874704436445243e-02
2.419710325490655178e-02
1.718165876026779282e-01
1.659875963546347463e-02
2.420634920634920639e-01
1.259528890539637208e-02
1.284761197417949065e-02
4.034920634920634575e-01
1.369489842045592057e-02
5.370359579726960778e-03
1.958180708180708163e-01
2.231777216820810331e-02
6.050992010890369165e-03
1.913690665518340533e-03
9.142941108692469870e-03
1.588670925520000721e-01
2.776397625967209210e-02
2.812728658498867343e-02
1.146123913025446327e-02
3.280635871083190797e-02
8.124409638856675648e-04
8.362242332830566172e-01
3.011695377787667605e-01
1.211885191389593108e-02
2.433221813079505585e-04
1.179350061393031127e-02
5.869665325835211715e-03
2.679229263602055447e-02
9.285613632087284797e-02
1.117673867446893933e-02
2.557424898333989227e-01
1.600009726684645944e-02
3.320637558055208188e-02
2.530308449881398317e-02
2.028187428480720395e-03
2.084384365784703111e-02
3.873176085049938044e-01
1.274236941227088749e-02
1.601179386981883834e-02
1.032557835443853123e-03
3.256944774997214131e-02
2.389017276853633298e-02
1.549723081543049816e-02
2.107323662856168053e-02
2.054706148144391231e-01
4.827185431557840661e-02
1.121806729115977508e-01
7.918099547511311398e-01
1.447455644152345101e-02
2.292898963849270833e-01
1.600009726684645944e-02
7.131018514799351837e-03
5.226357346864548420e-02
7.309388738726340729e-04
1.639181424490142661e-02
7.427684067914780940e-03
2.914263561515883366e-02
4.858155166777776424e-02
2.260240284434532898e-01
1.950600502424028673e-02
8.212071967647015247e-02
2.016259611413093872e-02
1.311591726194868621e-02
8.654987273824315056e-03
2.103841214743466109e-02
4.034920634920634575e-01
3.167483236414859495e-03
3.293703522863260236e-02
2.204411134520548043e-02
1.391622973975915056e-01
1.049093433055697105e-01
5.086887613005920683e-02
7.158234126984127643e-01
1.917100819979123544e-02
4.034920634920634575e-01
7.309388738726340729e-04
3.174822750699840546e-02
5.537082175066310001e-03
8.654987273824315056e-03
1.173653328365018150e-01
6.202947845804988036e-01
4.161908925482259852e-02
2.037393465782041599e-02
3.254411313600912513e-04
6.731283138145849332e-02
7.256847508234062216e-01
9.874217481839911090e-03
2.772389602969950809e-02
2.017106048515650112e-03
2.266392695048197875e-02
6.494855169972402588e-04
5.740342412511698252e-04
1.220741544798480214e-03
4.779878472036666257e-03
3.243681846523032222e-04
1.600009726684645944e-02
3.665668434865210906e-02
1.308108698159166777e-02
3.672162558275029152e-03
3.960726179712609728e-03
9.680864933943203118e-03
2.314296970297047978e-02
7.585641949087328084e-02
9.654945206951875622e-03
7.713789682539682335e-01
4.867406858131140268e-04
2.884474726128654493e-02
6.624075378679805497e-03
2.514770259180296088e-03
4.527818381516547815e-03
1.365469631074793001e-02
6.010904383665519046e-02
1.630631628439945247e-01
7.104734601294171274e-03
4.707591803486441129e-02
1.600009726684645944e-02
8.362242332830566172e-01
1.004032297401700330e-02
1.629457112147469217e-02
2.315479802992261027e-02
2.843754197715297333e-02
1.376408881510218438e-02
5.021825396825396748e-01
8.436326478805848683e-02
5.591579283620306227e-03
6.703737166194070340e-01
8.195605467081814102e-03
8.082648954223807178e-03
3.584103799009832197e-02
1.538617427618735496e-02
6.380492225999081406e-04
1.366570579100017668e-01
8.277624666193373823e-03
1.075027233115468245e-01
3.168386969966802656e-03
4.939573201544322223e-01
