1.700000000000000000e+01
6.117000000000000000e+03
2.180000000000000000e+02
3.300000000000000000e+01
9.000000000000000000e+00
1.000000000000000000e+00
1.000000000000000000e+00
8.000000000000000000e+00
2.700000000000000000e+01
1.700000000000000000e+01
1.000000000000000000e+00
6.017000000000000000e+03
1.700000000000000000e+01
5.300000000000000000e+01
8.000000000000000000e+00
1.800000000000000000e+01
1.200000000000000000e+01
1.700000000000000000e+01
1.000000000000000000e+01
3.250000000000000000e+02
9.000000000000000000e+00
6.131000000000000000e+03
3.000000000000000000e+01
5.300000000000000000e+01
1.600000000000000000e+01
5.300000000000000000e+01
1.630000000000000000e+02
5.300000000000000000e+01
6.200000000000000000e+01
1.000000000000000000e+00
1.700000000000000000e+01
4.100000000000000000e+01
3.000000000000000000e+00
3.300000000000000000e+01
1.700000000000000000e+01
2.750000000000000000e+02
2.100000000000000000e+01
8.400000000000000000e+01
1.700000000000000000e+01
9.000000000000000000e+00
1.729000000000000000e+03
1.791000000000000000e+03
1.700000000000000000e+01
3.400000000000000000e+01
9.000000000000000000e+00
5.300000000000000000e+01
4.000000000000000000e+00
1.700000000000000000e+01
1.000000000000000000e+01
1.100000000000000000e+02
1.000000000000000000e+01
1.700000000000000000e+01
5.000000000000000000e+00
1.300000000000000000e+01
2.750000000000000000e+02
3.100000000000000000e+01
3.700000000000000000e+01
1.000000000000000000e+01
3.400000000000000000e+01
1.000000000000000000e+01
1.900000000000000000e+01
1.700000000000000000e+01
9.000000000000000000e+00
7.300000000000000000e+01
2.750000000000000000e+02
8.000000000000000000e+00
6.150000000000000000e+03
1.400000000000000000e+01
2.500000000000000000e+01
3.000000000000000000e+01
5.300000000000000000e+01
2.220000000000000000e+02
1.729000000000000000e+03
8.400000000000000000e+01
3.560000000000000000e+02
9.000000000000000000e+00
4.440000000000000000e+02
1.100000000000000000e+01
1.800000000000000000e+01
1.460000000000000000e+02
8.500000000000000000e+01
5.000000000000000000e+00
9.000000000000000000e+00
3.000000000000000000e+01
1.700000000000000000e+01
4.520000000000000000e+02
7.300000000000000000e+01
9.000000000000000000e+00
5.800000000000000000e+01
1.700000000000000000e+01
1.000000000000000000e+01
1.970000000000000000e+02
1.200000000000000000e+01
2.700000000000000000e+01
1.700000000000000000e+01
1.120000000000000000e+02
1.000000000000000000e+00
3.100000000000000000e+01
7.300000000000000000e+01
1.100000000000000000e+02
1.300000000000000000e+01
7.900000000000000000e+01
5.300000000000000000e+01
7.800000000000000000e+01
1.700000000000000000e+01
1.700000000000000000e+01
3.300000000000000000e+01
5.300000000000000000e+01
1.710000000000000000e+03
1.300000000000000000e+01
5.000000000000000000e+00
1.250000000000000000e+02
5.090000000000000000e+02
7.300000000000000000e+01
5.300000000000000000e+01
1.000000000000000000e+00
8.400000000000000000e+01
2.500000000000000000e+01
9.000000000000000000e+00
8.400000000000000000e+01
1.700000000000000000e+01
6.103000000000000000e+03
9.000000000000000000e+00
1.510000000000000000e+02
3.000000000000000000e+01
5.300000000000000000e+01
1.270000000000000000e+02
8.000000000000000000e+00
3.100000000000000000e+01
1.270000000000000000e+02
3.100000000000000000e+01
5.882000000000000000e+03
1.700000000000000000e+01
5.300000000000000000e+01
3.200000000000000000e+01
7.300000000000000000e+01
1.000000000000000000e+00
7.000000000000000000e+00
4.000000000000000000e+01
1.570000000000000000e+02
8.000000000000000000e+00
1.700000000000000000e+01
5.450000000000000000e+02
5.350000000000000000e+02
2.000000000000000000e+00
6.103000000000000000e+03
5.000000000000000000e+00
1.000000000000000000e+00
1.210000000000000000e+02
4.000000000000000000e+00
1.700000000000000000e+01
1.900000000000000000e+01
6.100000000000000000e+01
5.300000000000000000e+01
3.200000000000000000e+01
9.000000000000000000e+00
1.000000000000000000e+00
1.000000000000000000e+00
7.300000000000000000e+01
2.800000000000000000e+01
2.800000000000000000e+01
9.000000000000000000e+00
1.000000000000000000e+00
8.700000000000000000e+01
3.100000000000000000e+01
2.800000000000000000e+01
2.500000000000000000e+01
1.729000000000000000e+03
1.729000000000000000e+03
6.103000000000000000e+03
7.000000000000000000e+00
1.900000000000000000e+01
9.000000000000000000e+00
1.000000000000000000e+00
5.720000000000000000e+02
1.700000000000000000e+01
1.575000000000000000e+03
1.200000000000000000e+01
9.000000000000000000e+00
5.000000000000000000e+00
6.800000000000000000e+01
8.900000000000000000e+01
8.000000000000000000e+01
1.200000000000000000e+01
2.750000000000000000e+02
8.400000000000000000e+01
7.000000000000000000e+00
3.600000000000000000e+01
5.300000000000000000e+01
7.000000000000000000e+00
6.510000000000000000e+02
1.940000000000000000e+02
5.530000000000000000e+02
1.620000000000000000e+02
8.400000000000000000e+01
1.700000000000000000e+01
1.100000000000000000e+02
2.000000000000000000e+00
1.000000000000000000e+00
3.300000000000000000e+01
3.300000000000000000e+01
1.000000000000000000e+00
9.000000000000000000e+00
1.700000000000000000e+01
7.000000000000000000e+00
2.600000000000000000e+01
9.000000000000000000e+00
7.000000000000000000e+01
7.000000000000000000e+00
8.400000000000000000e+01
1.700000000000000000e+01
6.055000000000000000e+03
1.700000000000000000e+01
8.400000000000000000e+01
6.131000000000000000e+03
5.000000000000000000e+00
1.800000000000000000e+01
2.530000000000000000e+02
4.230000000000000000e+02
2.500000000000000000e+01
1.300000000000000000e+01
8.400000000000000000e+01
3.800000000000000000e+01
1.370000000000000000e+02
2.000000000000000000e+00
5.300000000000000000e+01
2.500000000000000000e+01
7.800000000000000000e+01
3.170000000000000000e+02
1.800000000000000000e+01
9.000000000000000000e+00
6.103000000000000000e+03
1.700000000000000000e+01
1.460000000000000000e+02
1.000000000000000000e+00
3.300000000000000000e+01
3.000000000000000000e+00
5.000000000000000000e+00
1.800000000000000000e+01
6.200000000000000000e+01
5.000000000000000000e+01
9.000000000000000000e+00
1.300000000000000000e+01
5.300000000000000000e+01
8.400000000000000000e+01
1.700000000000000000e+01
6.140000000000000000e+03
1.100000000000000000e+01
1.100000000000000000e+01
5.300000000000000000e+01
8.400000000000000000e+01
1.700000000000000000e+01
3.600000000000000000e+01
1.700000000000000000e+01
1.000000000000000000e+00
8.000000000000000000e+00
7.000000000000000000e+00
2.500000000000000000e+01
5.000000000000000000e+00
7.300000000000000000e+01
6.111000000000000000e+03
3.000000000000000000e+00
1.200000000000000000e+01
7.000000000000000000e+00
5.200000000000000000e+01
1.729000000000000000e+03
3.100000000000000000e+01
8.400000000000000000e+01
5.300000000000000000e+01
6.100000000000000000e+01
1.300000000000000000e+01
5.300000000000000000e+01
5.000000000000000000e+00
9.000000000000000000e+00
3.200000000000000000e+01
8.400000000000000000e+01
1.000000000000000000e+00
1.800000000000000000e+01
8.000000000000000000e+00
1.700000000000000000e+01
6.200000000000000000e+01
1.000000000000000000e+00
4.000000000000000000e+00
1.000000000000000000e+00
1.700000000000000000e+01
8.400000000000000000e+01
4.440000000000000000e+02
1.200000000000000000e+01
1.600000000000000000e+01
4.000000000000000000e+00
5.000000000000000000e+01
2.500000000000000000e+01
5.000000000000000000e+00
2.600000000000000000e+01
2.600000000000000000e+01
6.140000000000000000e+03
1.100000000000000000e+01
9.000000000000000000e+00
1.430000000000000000e+02
2.000000000000000000e+00
7.300000000000000000e+01
7.000000000000000000e+00
7.300000000000000000e+01
6.103000000000000000e+03
5.000000000000000000e+01
8.400000000000000000e+01
5.655000000000000000e+03
5.300000000000000000e+01
1.270000000000000000e+02
6.103000000000000000e+03
5.300000000000000000e+01
1.000000000000000000e+00
1.700000000000000000e+01
4.000000000000000000e+00
4.780000000000000000e+02
4.680000000000000000e+02
7.500000000000000000e+02
7.300000000000000000e+01
6.200000000000000000e+01
7.000000000000000000e+00
1.729000000000000000e+03
9.000000000000000000e+00
1.000000000000000000e+00
1.600000000000000000e+01
6.117000000000000000e+03
3.390000000000000000e+02
9.300000000000000000e+01
5.300000000000000000e+01
1.200000000000000000e+01
7.300000000000000000e+01
1.400000000000000000e+01
1.200000000000000000e+01
5.000000000000000000e+01
1.600000000000000000e+01
6.055000000000000000e+03
2.920000000000000000e+02
8.000000000000000000e+00
1.000000000000000000e+00
9.000000000000000000e+00
3.700000000000000000e+01
1.000000000000000000e+00
3.300000000000000000e+01
5.300000000000000000e+01
4.100000000000000000e+01
1.700000000000000000e+01
9.100000000000000000e+01
9.000000000000000000e+00
5.804000000000000000e+03
8.800000000000000000e+01
3.000000000000000000e+01
1.070000000000000000e+02
1.100000000000000000e+01
1.000000000000000000e+00
5.000000000000000000e+00
3.000000000000000000e+00
1.000000000000000000e+00
3.530000000000000000e+02
8.400000000000000000e+01
3.200000000000000000e+01
2.000000000000000000e+01
1.000000000000000000e+00
1.800000000000000000e+01
2.150000000000000000e+02
4.000000000000000000e+00
1.000000000000000000e+00
2.650000000000000000e+02
6.200000000000000000e+01
6.000000000000000000e+00
1.000000000000000000e+00
7.300000000000000000e+01
5.300000000000000000e+01
5.000000000000000000e+00
2.530000000000000000e+02
1.700000000000000000e+01
1.700000000000000000e+01
9.000000000000000000e+00
4.000000000000000000e+01
1.000000000000000000e+01
5.300000000000000000e+01
5.300000000000000000e+01
1.729000000000000000e+03
8.400000000000000000e+01
3.000000000000000000e+01
6.200000000000000000e+01
1.990000000000000000e+02
1.800000000000000000e+01
1.729000000000000000e+03
2.470000000000000000e+02
6.000000000000000000e+00
1.280000000000000000e+02
5.300000000000000000e+01
2.590000000000000000e+02
5.300000000000000000e+01
9.000000000000000000e+00
3.600000000000000000e+01
7.000000000000000000e+00
9.000000000000000000e+00
2.800000000000000000e+01
1.000000000000000000e+00
1.700000000000000000e+01
1.000000000000000000e+01
2.500000000000000000e+01
1.800000000000000000e+01
1.000000000000000000e+01
9.000000000000000000e+00
8.400000000000000000e+01
3.600000000000000000e+01
6.000000000000000000e+01
1.200000000000000000e+01
1.700000000000000000e+01
1.000000000000000000e+00
4.000000000000000000e+00
8.400000000000000000e+01
2.750000000000000000e+02
1.600000000000000000e+01
3.000000000000000000e+00
1.700000000000000000e+01
5.300000000000000000e+01
1.729000000000000000e+03
4.000000000000000000e+00
3.300000000000000000e+01
6.117000000000000000e+03
1.700000000000000000e+01
2.500000000000000000e+01
9.390000000000000000e+02
3.300000000000000000e+01
5.300000000000000000e+01
3.600000000000000000e+01
1.170000000000000000e+02
1.990000000000000000e+02
5.000000000000000000e+00
2.500000000000000000e+01
5.300000000000000000e+01
2.500000000000000000e+01
1.100000000000000000e+01
1.729000000000000000e+03
9.400000000000000000e+01
6.067000000000000000e+03
1.000000000000000000e+01
2.600000000000000000e+01
5.300000000000000000e+01
4.110000000000000000e+02
5.300000000000000000e+01
2.500000000000000000e+01
6.200000000000000000e+01
1.700000000000000000e+01
1.200000000000000000e+01
9.680000000000000000e+02
7.300000000000000000e+01
4.000000000000000000e+00
5.110000000000000000e+02
1.729000000000000000e+03
5.990000000000000000e+03
5.000000000000000000e+00
9.000000000000000000e+00
1.700000000000000000e+01
6.162000000000000000e+03
1.700000000000000000e+01
7.000000000000000000e+00
2.700000000000000000e+01
1.790000000000000000e+02
2.700000000000000000e+01
1.000000000000000000e+00
2.700000000000000000e+01
1.720000000000000000e+02
3.100000000000000000e+01
5.300000000000000000e+01
5.400000000000000000e+01
5.300000000000000000e+01
2.470000000000000000e+02
1.000000000000000000e+00
3.500000000000000000e+01
1.000000000000000000e+00
1.729000000000000000e+03
5.839000000000000000e+03
1.700000000000000000e+01
3.300000000000000000e+01
1.700000000000000000e+01
3.200000000000000000e+01
6.117000000000000000e+03
8.400000000000000000e+01
5.300000000000000000e+01
1.000000000000000000e+00
7.000000000000000000e+00
1.700000000000000000e+01
9.000000000000000000e+00
3.600000000000000000e+01
5.300000000000000000e+01
6.122000000000000000e+03
5.300000000000000000e+01
1.000000000000000000e+00
5.300000000000000000e+01
8.400000000000000000e+01
1.200000000000000000e+01
6.103000000000000000e+03
2.700000000000000000e+01
2.220000000000000000e+02
1.200000000000000000e+01
5.000000000000000000e+00
7.300000000000000000e+01
1.600000000000000000e+01
2.000000000000000000e+00
3.600000000000000000e+01
2.500000000000000000e+01
1.800000000000000000e+01
3.170000000000000000e+02
1.000000000000000000e+01
2.750000000000000000e+02
1.000000000000000000e+00
7.000000000000000000e+00
8.360000000000000000e+02
7.800000000000000000e+01
5.300000000000000000e+01
1.300000000000000000e+01
3.200000000000000000e+01
1.099000000000000000e+03
1.000000000000000000e+00
2.500000000000000000e+01
1.000000000000000000e+00
1.729000000000000000e+03
1.000000000000000000e+00
9.600000000000000000e+01
1.000000000000000000e+00
5.300000000000000000e+01
1.580000000000000000e+02
3.100000000000000000e+01
8.400000000000000000e+01
2.960000000000000000e+02
4.250000000000000000e+02
1.330000000000000000e+02
4.000000000000000000e+00
9.200000000000000000e+01
1.000000000000000000e+00
5.300000000000000000e+01
5.000000000000000000e+00
1.729000000000000000e+03
1.700000000000000000e+01
1.106000000000000000e+03
5.300000000000000000e+01
1.120000000000000000e+02
2.720000000000000000e+02
3.900000000000000000e+01
1.000000000000000000e+00
2.700000000000000000e+01
6.200000000000000000e+01
7.300000000000000000e+01
1.200000000000000000e+01
5.000000000000000000e+00
3.100000000000000000e+01
8.400000000000000000e+01
2.700000000000000000e+01
3.000000000000000000e+01
9.020000000000000000e+02
1.100000000000000000e+01
1.700000000000000000e+01
5.300000000000000000e+01
5.000000000000000000e+00
6.000000000000000000e+00
1.700000000000000000e+01
6.058000000000000000e+03
3.600000000000000000e+01
3.100000000000000000e+01
1.600000000000000000e+01
1.390000000000000000e+02
6.400000000000000000e+01
3.000000000000000000e+00
5.900000000000000000e+01
3.600000000000000000e+01
1.700000000000000000e+01
6.000000000000000000e+00
4.220000000000000000e+02
6.000000000000000000e+00
2.700000000000000000e+01
1.300000000000000000e+01
1.000000000000000000e+00
6.095000000000000000e+03
1.152000000000000000e+03
5.000000000000000000e+00
5.300000000000000000e+01
3.000000000000000000e+01
3.300000000000000000e+01
6.111000000000000000e+03
5.300000000000000000e+01
6.135000000000000000e+03
1.800000000000000000e+01
2.600000000000000000e+01
1.200000000000000000e+01
1.700000000000000000e+01
1.800000000000000000e+01
1.100000000000000000e+01
3.300000000000000000e+01
2.600000000000000000e+01
1.200000000000000000e+01
1.729000000000000000e+03
5.300000000000000000e+01
5.000000000000000000e+00
6.200000000000000000e+01
7.000000000000000000e+01
1.791000000000000000e+03
9.000000000000000000e+00
9.000000000000000000e+00
7.300000000000000000e+01
2.800000000000000000e+01
8.400000000000000000e+01
1.200000000000000000e+01
1.700000000000000000e+01
3.100000000000000000e+01
5.620000000000000000e+02
1.100000000000000000e+01
5.300000000000000000e+01
2.600000000000000000e+01
6.055000000000000000e+03
2.700000000000000000e+01
5.000000000000000000e+00
1.000000000000000000e+00
3.500000000000000000e+01
1.700000000000000000e+01
1.800000000000000000e+01
2.700000000000000000e+01
1.200000000000000000e+01
1.000000000000000000e+00
1.700000000000000000e+01
5.400000000000000000e+01
1.300000000000000000e+01
1.700000000000000000e+01
9.000000000000000000e+00
1.700000000000000000e+01
1.900000000000000000e+01
3.000000000000000000e+01
5.300000000000000000e+01
6.055000000000000000e+03
3.100000000000000000e+01
7.000000000000000000e+00
2.110000000000000000e+02
2.800000000000000000e+01
6.000000000000000000e+00
5.000000000000000000e+01
5.800000000000000000e+01
1.800000000000000000e+01
5.300000000000000000e+01
6.132000000000000000e+03
8.400000000000000000e+01
7.000000000000000000e+00
3.100000000000000000e+01
5.300000000000000000e+01
1.800000000000000000e+01
5.000000000000000000e+01
1.000000000000000000e+00
6.140000000000000000e+03
6.200000000000000000e+01
1.700000000000000000e+01
3.300000000000000000e+01
9.000000000000000000e+00
1.700000000000000000e+01
1.000000000000000000e+00
2.800000000000000000e+01
4.000000000000000000e+00
5.300000000000000000e+01
5.300000000000000000e+01
1.420000000000000000e+02
1.900000000000000000e+01
1.000000000000000000e+00
4.270000000000000000e+02
1.800000000000000000e+01
5.000000000000000000e+00
7.300000000000000000e+01
5.000000000000000000e+00
1.000000000000000000e+00
4.000000000000000000e+00
7.300000000000000000e+01
5.300000000000000000e+01
2.800000000000000000e+01
6.200000000000000000e+01
3.100000000000000000e+01
2.540000000000000000e+02
1.000000000000000000e+00
3.400000000000000000e+01
6.017000000000000000e+03
8.000000000000000000e+00
1.810000000000000000e+02
1.100000000000000000e+01
1.800000000000000000e+01
6.000000000000000000e+01
2.000000000000000000e+00
8.300000000000000000e+01
2.600000000000000000e+01
8.700000000000000000e+01
5.300000000000000000e+01
5.000000000000000000e+00
3.300000000000000000e+01
1.520000000000000000e+02
3.000000000000000000e+01
6.127000000000000000e+03
7.300000000000000000e+01
3.100000000000000000e+01
4.000000000000000000e+01
9.000000000000000000e+00
5.300000000000000000e+01
7.300000000000000000e+01
5.300000000000000000e+01
8.400000000000000000e+01
1.300000000000000000e+01
7.310000000000000000e+02
1.202000000000000000e+03
1.700000000000000000e+01
6.000000000000000000e+00
6.000000000000000000e+00
6.200000000000000000e+01
8.000000000000000000e+00
8.000000000000000000e+00
6.200000000000000000e+01
5.300000000000000000e+01
5.300000000000000000e+01
1.600000000000000000e+01
4.000000000000000000e+00
3.800000000000000000e+02
2.000000000000000000e+00
1.700000000000000000e+01
1.700000000000000000e+01
1.700000000000000000e+01
1.600000000000000000e+01
7.000000000000000000e+00
5.300000000000000000e+01
1.300000000000000000e+02
5.000000000000000000e+00
5.300000000000000000e+01
3.900000000000000000e+01
7.000000000000000000e+00
1.200000000000000000e+01
5.300000000000000000e+01
3.730000000000000000e+02
3.300000000000000000e+01
9.000000000000000000e+00
9.000000000000000000e+00
1.100000000000000000e+01
3.000000000000000000e+01
1.100000000000000000e+01
6.122000000000000000e+03
1.000000000000000000e+00
5.000000000000000000e+00
2.000000000000000000e+01
6.162000000000000000e+03
3.600000000000000000e+01
6.200000000000000000e+01
4.000000000000000000e+01
4.000000000000000000e+00
7.000000000000000000e+01
6.000000000000000000e+00
5.300000000000000000e+01
1.100000000000000000e+01
1.700000000000000000e+01
6.910000000000000000e+02
1.800000000000000000e+01
1.000000000000000000e+00
2.700000000000000000e+01
3.100000000000000000e+01
1.356000000000000000e+03
9.000000000000000000e+00
2.200000000000000000e+01
5.600000000000000000e+01
5.300000000000000000e+01
9.000000000000000000e+00
1.000000000000000000e+01
7.000000000000000000e+00
1.000000000000000000e+00
2.800000000000000000e+01
1.000000000000000000e+00
5.300000000000000000e+01
3.000000000000000000e+01
3.000000000000000000e+01
6.127000000000000000e+03
6.200000000000000000e+01
7.300000000000000000e+01
2.800000000000000000e+01
1.000000000000000000e+01
1.000000000000000000e+00
3.700000000000000000e+01
8.000000000000000000e+00
1.100000000000000000e+01
3.000000000000000000e+01
5.300000000000000000e+01
2.100000000000000000e+01
5.000000000000000000e+00
2.110000000000000000e+02
1.700000000000000000e+01
1.800000000000000000e+01
7.000000000000000000e+00
8.000000000000000000e+00
1.800000000000000000e+01
2.000000000000000000e+00
1.700000000000000000e+01
5.000000000000000000e+00
6.127000000000000000e+03
3.100000000000000000e+01
1.210000000000000000e+02
5.300000000000000000e+01
5.000000000000000000e+00
3.000000000000000000e+00
1.000000000000000000e+01
1.000000000000000000e+01
6.107000000000000000e+03
3.200000000000000000e+01
1.000000000000000000e+00
2.500000000000000000e+01
1.800000000000000000e+01
1.950000000000000000e+02
3.400000000000000000e+01
6.131000000000000000e+03
6.058000000000000000e+03
6.080000000000000000e+03
1.600000000000000000e+02
6.162000000000000000e+03
5.300000000000000000e+01
8.000000000000000000e+00
7.300000000000000000e+01
8.400000000000000000e+01
7.300000000000000000e+01
3.100000000000000000e+01
2.500000000000000000e+01
1.700000000000000000e+01
5.300000000000000000e+01
2.000000000000000000e+00
6.145000000000000000e+03
2.600000000000000000e+01
6.200000000000000000e+01
9.920000000000000000e+02
3.230000000000000000e+02
7.300000000000000000e+01
1.700000000000000000e+01
1.700000000000000000e+01
1.120000000000000000e+02
1.700000000000000000e+01
5.300000000000000000e+01
1.000000000000000000e+00
2.470000000000000000e+02
3.600000000000000000e+01
1.600000000000000000e+01
6.100000000000000000e+01
3.300000000000000000e+01
4.000000000000000000e+00
3.100000000000000000e+01
5.400000000000000000e+01
1.000000000000000000e+00
3.300000000000000000e+01
6.200000000000000000e+01
1.100000000000000000e+01
2.000000000000000000e+01
1.729000000000000000e+03
5.000000000000000000e+00
4.000000000000000000e+01
9.000000000000000000e+00
3.770000000000000000e+02
1.000000000000000000e+00
